484 157
483 157
482 158
481 159
480 160
479 161
478 162
477 163
476 164
475 165
474 166
473 167
472 168
471 169
470 170
469 171
468 172
467 173
466 174
465 175
464 176
463 177
462 178
461 179
460 180
459 181
458 182
457 183
456 184
455 185
454 186
453 187
452 188
451 189
450 190
449 191
448 192
447 193
446 194
445 195
444 196
443 197
442 198
441 199
440 200
439 201
438 202
437 203
436 204
435 205
434 206
433 207
432 208
431 209
430 210
429 211
428 212
427 213
426 214
425 215
424 216
423 217
422 218
421 219
420 220
419 221
418 222
417 223
416 224
415 225
414 226
413 227
412 228
411 229
410 230
409 231
408 232
407 233
406 234
405 235
404 236
403 237
402 238
401 239
400 240
399 241
398 242
397 243
396 244
395 244
394 244
393 244
392 244
391 244
390 244
389 244
388 244
387 244
386 244
385 244
384 244
383 244
382 245
381 245
380 246
379 247
379 248
378 249
378 250
377 251
377 252
377 253
377 254
377 255
377 256
377 257
377 258
377 259
377 260
377 261
377 262
377 263
377 264
377 265
377 266
377 267
377 268
377 269
377 270
377 271
377 272
377 273
377 274
377 275
377 276
377 277
377 278
377 279
377 280
377 281
377 282
377 283
377 284
377 285
377 286
377 287
377 288
377 289
377 290
377 291
377 292
377 293
377 294
377 295
377 296
377 297
377 298
377 299
377 300
377 301
377 302
377 303
377 304
377 305
377 306
377 307
377 308
377 309
377 310
377 311
377 312
377 313
377 314
377 315
377 316
377 317
377 318
376 319
376 320
376 321
376 322
376 323
376 324
376 325
376 326
376 327
376 328
376 329
376 330
376 331
376 332
376 333
376 334
376 335
376 336
376 337
376 338
376 339
376 340
376 341
376 342
376 343
376 344
376 345
376 346
376 347
376 348
376 349
376 350
376 351
376 352
376 353
376 354
376 355
376 356
376 357
376 358
376 359
376 360
376 361
376 362
376 363
376 364
376 365
376 366
376 367
376 368
375 369
374 370
373 371
372 372
371 373
370 374
369 375
369 376
369 377
368 378
367 379
366 380
365 380
364 381
363 382
362 382
361 382
360 382
359 382
358 382
357 382
356 382
355 382
354 382
353 382
352 382
351 382
350 382
349 382
348 382
347 382
346 382
345 382
344 382
343 383
342 383
341 384
340 384
339 385
338 385
337 385
336 386
335 386
334 387
333 387
332 388
331 388
330 389
329 389
328 390
327 390
326 390
325 391
324 391
323 392
322 392
321 393
320 393
319 394
318 395
317 395
