22 2
22 3
22 4
22 5
22 6
22 7
22 8
22 9
22 10
22 11
22 12
22 13
22 14
21 15
20 16
19 17
18 18
17 19
16 20
15 21
14 22
13 23
13 24
13 25
13 26
13 27
13 28
13 29
13 30
13 31
13 32
13 33
13 34
13 35
13 36
13 37
13 38
13 39
13 40
13 41
13 42
13 43
13 44
13 45
13 46
13 47
13 48
13 49
13 50
13 51
13 52
13 53
13 54
13 55
13 56
13 57
13 58
13 59
13 60
13 61
13 62
13 63
13 64
13 65
13 66
13 67
13 68
13 69
13 70
13 71
13 72
13 73
13 74
13 75
13 76
13 77
13 78
13 79
13 80
13 81
13 82
13 83
13 84
13 85
12 86
11 87
10 88
9 89
8 90
7 91
6 92
5 93
5 94
5 95
5 96
5 97
5 98
5 99
5 100
5 101
5 102
5 103
5 104
5 105
5 106
5 107
5 108
5 109
5 110
5 111
5 112
5 113
5 114
5 115
5 116
5 117
5 118
5 119
5 120
5 121
5 122
5 123
5 124
5 125
5 126
5 127
5 128
5 129
5 130
5 131
5 132
5 133
5 134
5 135
5 136
5 137
5 138
5 139
5 140
5 141
5 142
5 143
5 144
5 145
5 146
5 147
5 148
5 149
5 150
5 151
5 152
5 153
5 154
5 155
5 156
5 157
5 158
5 159
5 160
5 161
5 162
5 163
5 164
5 165
5 166
5 167
5 168
5 169
5 170
5 171
5 172
5 173
5 174
5 175
5 176
5 177
5 178
5 179
5 180
5 181
5 182
5 183
5 184
5 185
5 186
5 187
5 188
5 189
5 190
6 191
7 192
8 193
9 194
10 195
11 196
12 197
13 198
14 199
15 200
16 201
17 202
18 203
19 204
20 205
21 206
21 207
21 208
21 209
21 210
21 211
21 212
21 213
21 214
21 215
21 216
21 217
21 218
21 219
21 220
21 221
21 222
21 223
22 224
23 225
24 226
25 227
26 228
27 229
27 230
27 231
27 232
27 233
27 234
27 235
27 236
27 237
27 238
27 239
27 240
27 241
27 242
27 243
27 244
27 245
27 246
27 247
27 248
27 249
27 250
27 251
27 252
27 253
27 254
27 255
27 256
28 257
29 258
30 259
31 260
31 261
31 262
31 263
31 264
31 265
31 266
31 267
31 268
31 269
32 270
33 271
34 272
35 273
36 274
37 275
38 276
39 277
40 278
41 279
42 280
43 281
44 282
45 283
46 284
47 285
48 286
49 287
50 288
51 289
52 290
53 291
54 292
55 293
56 294
57 295
58 296
59 297
60 298
61 299
62 300
63 301
64 302
65 303
66 304
67 305
68 306
69 307
70 308
71 309
72 310
73 311
74 312
75 313
76 314
77 315
78 316
79 317
80 318
81 319
82 320
83 321
84 322
85 323
86 324
87 325
88 326
89 327
89 328
89 329
89 330
90 331
90 332
91 333
92 334
93 334
94 335
95 335
96 336
97 336
98 336
99 336
100 336
101 336
102 336
103 336
104 336
105 336
106 336
107 336
108 336
109 336
110 336
111 336
112 336
113 336
114 336
115 336
116 336
117 336
118 336
119 336
120 336
121 336
122 336
123 336
124 336
125 336
126 336
127 336
128 336
129 336
130 336
131 336
132 336
133 336
134 336
135 336
136 336
137 336
138 336
139 336
140 336
141 336
142 336
143 336
144 336
145 336
146 336
147 336
148 336
149 336
150 336
151 336
152 336
153 336
154 336
155 336
156 336
157 336
158 336
159 336
160 336
161 336
162 336
163 336
164 336
165 336
166 337
167 338
168 339
169 340
170 341
171 342
172 343
173 344
174 345
175 346
176 347
177 348
178 349
179 350
180 351
181 352
182 352
183 352
184 352
185 352
186 353
187 354
188 355
188 356
189 357
190 358
191 359
192 360
193 361
193 362
194 363
195 364
195 365
