258 213
259 214
260 215
261 216
262 217
263 218
264 219
265 220
266 221
266 222
266 223
266 224
266 225
266 226
266 227
266 228
266 229
266 230
266 231
266 232
266 233
266 234
266 235
266 236
266 237
266 238
266 239
266 240
266 241
266 242
266 243
266 244
266 245
266 246
266 247
266 248
266 249
266 250
266 251
266 252
266 253
266 254
266 255
266 256
266 257
266 258
266 259
266 260
266 261
266 262
266 263
266 264
266 265
266 266
266 267
266 268
266 269
266 270
266 271
266 272
266 273
266 274
266 275
266 276
266 277
266 278
266 279
266 280
266 281
266 282
266 283
266 284
266 285
266 286
266 287
266 288
266 289
266 290
266 291
266 292
266 293
266 294
266 295
266 296
266 297
266 298
266 299
266 300
266 301
266 302
266 303
266 304
266 305
266 306
266 307
266 308
266 309
266 310
266 311
266 312
266 313
266 314
266 315
266 316
266 317
266 318
266 319
266 320
266 321
266 322
266 323
266 324
266 325
266 326
266 327
266 328
266 329
266 330
266 331
266 332
266 333
266 334
266 335
266 336
266 337
266 338
266 339
266 340
266 341
266 342
266 343
266 344
266 345
266 346
266 347
266 348
266 349
266 350
266 351
266 352
266 353
266 354
266 355
266 356
266 357
266 358
266 359
266 360
266 361
266 362
266 363
266 364
266 365
266 366
266 367
267 367
267 368
267 369
268 369
269 369
269 370
269 371
270 371
271 371
271 372
271 373
272 373
273 373
273 374
273 375
274 375
275 375
275 376
275 377
276 377
277 377
277 378
277 379
278 379
279 379
279 380
279 381
280 381
281 381
282 381
283 381
284 381
285 381
286 381
287 381
288 381
289 381
290 381
291 381
291 382
292 382
293 382
293 383
294 383
295 383
295 384
296 384
297 384
297 385
298 385
299 385
299 386
300 386
300 387
301 387
301 388
302 388
302 389
303 389
304 389
304 390
305 390
306 390
306 391
307 391
307 392
308 392
308 393
309 393
310 393
310 394
311 394
312 394
312 395
313 395
313 396
314 396
315 396
315 397
316 397
316 398
317 398
318 398
318 399
319 399
319 400
320 400
321 400
321 401
322 401
322 402
323 402
324 402
324 403
325 403
326 403
326 404
327 404
327 405
328 405
328 406
328 407
329 407
329 408
329 409
330 409
330 410
330 411
330 412
330 413
330 414
330 415
330 416
330 417
330 418
330 419
330 420
330 421
330 422
330 423
330 424
330 425
330 426
330 427
330 428
330 429
330 430
330 431
331 431
331 432
331 433
332 433
333 433
333 434
333 435
334 435
335 435
335 436
335 437
336 437
337 437
337 438
337 439
338 439
339 439
339 440
339 441
340 441
341 441
341 442
341 443
342 443
343 443
343 444
344 444
344 445
345 445
345 446
346 446
346 447
346 448
347 448
347 449
348 449
348 450
349 450
350 450
350 451
351 451
351 452
352 452
352 453
353 453
353 454
353 455
354 455
354 456
355 456
355 457
356 457
356 458
357 458
357 459
358 459
358 460
359 460
359 461
360 461
361 461
361 462
362 462
362 463
362 464
363 464
363 465
364 465
364 466
365 466
365 467
366 467
366 468
367 468
368 468
368 469
369 469
370 469
371 469
372 469
373 469
374 469
375 469
375 470
376 470
376 471
377 471
377 472
377 473
377 474
377 475
377 476
377 477
377 478
378 478
378 479
379 479
379 480
380 480
380 481
381 481
381 482
382 482
382 483
382 484
383 484
383 485
384 485
384 486
385 486
386 486
386 487
387 487
387 488
