115 319
114 319
113 319
112 319
111 319
110 319
109 319
108 319
107 319
106 319
105 319
104 319
103 319
102 319
101 319
100 319
99 319
98 319
97 319
96 319
95 319
94 320
93 321
92 322
91 323
91 324
90 325
90 326
89 327
89 328
89 329
89 330
89 331
89 332
89 333
89 334
89 335
89 336
89 337
89 338
89 339
89 340
89 341
90 342
91 343
92 344
93 345
94 346
95 347
96 348
96 349
96 350
96 351
96 352
96 353
97 354
98 355
99 356
100 357
101 358
101 359
101 360
101 361
101 362
101 363
101 364
101 365
101 366
101 367
101 368
101 369
101 370
101 371
101 372
101 373
101 374
101 375
101 376
101 377
101 378
101 379
101 380
101 381
101 382
101 383
101 384
101 385
101 386
101 387
101 388
101 389
101 390
101 391
101 392
101 393
102 394
103 395
104 396
105 397
106 398
107 399
108 400
109 401
110 402
111 403
112 404
113 405
114 406
115 407
116 408
117 409
118 410
119 411
120 412
121 413
122 414
123 415
124 416
125 417
126 418
127 419
128 420
129 421
130 422
131 423
132 424
132 425
133 426
133 427
134 428
134 429
135 430
135 431
136 432
136 433
137 434
137 435
137 436
138 437
138 438
139 439
139 440
140 441
140 442
141 443
141 444
142 445
142 446
142 447
143 448
143 449
144 450
144 451
145 452
145 453
146 454
147 455
147 456
