249 496
249 495
249 494
249 493
249 492
249 491
249 490
249 489
249 488
249 487
249 486
249 485
249 484
249 483
249 482
249 481
249 480
249 479
249 478
249 477
249 476
249 475
249 474
249 473
249 472
249 471
249 470
249 469
249 468
249 467
249 466
249 465
249 464
249 463
249 462
249 461
249 460
249 459
249 458
249 457
249 456
249 455
249 454
249 453
249 452
249 451
249 450
249 449
249 448
249 447
249 446
249 445
249 444
249 443
249 442
249 441
249 440
249 439
249 438
249 437
249 436
249 435
249 434
249 433
249 432
249 431
249 430
249 429
249 428
249 427
249 426
249 425
249 424
249 423
249 422
249 421
249 420
249 419
249 418
249 417
249 416
249 415
249 414
249 413
249 412
249 411
249 410
249 409
249 408
249 407
249 406
249 405
249 404
249 403
249 402
249 401
249 400
249 399
249 398
249 397
249 396
249 395
249 394
249 393
249 392
249 391
249 390
249 389
249 388
249 387
249 386
249 385
249 384
249 383
249 382
249 381
249 380
249 379
249 378
249 377
249 376
249 375
249 374
249 373
249 372
249 371
249 370
249 369
249 368
249 367
249 366
249 365
249 364
249 363
249 362
249 361
249 360
249 359
249 358
249 357
249 356
249 355
249 354
249 353
249 352
249 351
249 350
249 349
249 348
249 347
249 346
249 345
249 344
249 343
249 342
249 341
249 340
249 339
249 338
249 337
249 336
249 335
249 334
249 333
249 332
249 331
249 330
249 329
249 328
249 327
249 326
249 325
249 324
249 323
249 322
249 321
249 320
249 319
249 318
249 317
249 316
249 315
249 314
249 313
249 312
249 311
249 310
249 309
249 308
249 307
249 306
249 305
249 304
249 303
249 302
249 301
249 300
249 299
249 298
249 297
249 296
249 295
249 294
249 293
249 292
249 291
249 290
249 289
249 288
249 287
249 286
249 285
249 284
249 283
249 282
249 281
249 280
249 279
249 278
249 277
249 276
249 275
249 274
249 273
249 272
249 271
249 270
249 269
249 268
249 267
249 266
249 265
249 264
249 263
249 262
249 261
249 260
249 259
249 258
249 257
249 256
249 255
249 254
249 253
249 252
249 251
249 250
249 249
249 248
249 247
249 246
249 245
249 244
249 243
249 242
249 241
249 240
249 239
249 238
249 237
249 236
249 235
249 234
249 233
249 232
249 231
249 230
249 229
249 228
249 227
249 226
249 225
249 224
249 223
249 222
249 221
249 220
249 219
249 218
249 217
249 216
249 215
249 214
249 213
249 212
249 211
249 210
249 209
249 208
249 207
249 206
249 205
249 204
249 203
249 202
249 201
249 200
249 199
249 198
249 197
249 196
249 195
249 194
249 193
249 192
249 191
249 190
249 189
249 188
249 187
249 186
249 185
249 184
249 183
249 182
249 181
249 180
249 179
249 178
249 177
249 176
249 175
249 174
249 173
249 172
249 171
249 170
249 169
249 168
249 167
249 166
249 165
249 164
249 163
249 162
249 161
249 160
249 159
249 158
249 157
249 156
249 155
249 154
249 153
249 152
249 151
249 150
249 149
249 148
249 147
249 146
249 145
249 144
249 143
249 142
249 141
249 140
249 139
249 138
249 137
249 136
249 135
249 134
249 133
249 132
249 131
249 130
249 129
249 128
249 127
249 126
248 126
247 126
246 126
245 126
244 126
243 126
242 126
241 126
240 126
239 126
238 126
237 126
236 126
235 126
234 126
233 126
232 126
231 126
230 126
229 126
228 126
227 126
226 126
225 126
224 126
223 126
223 125
222 125
221 125
220 125
219 125
218 125
217 125
216 125
215 125
214 125
213 125
212 125
211 125
210 125
209 125
208 125
207 125
206 125
205 125
204 125
204 124
203 124
202 124
202 123
202 122
202 121
202 120
202 119
202 118
201 118
201 117
201 116
201 115
201 114
201 113
201 112
201 111
201 110
201 109
201 108
201 107
201 106
201 105
200 105
200 104
200 103
200 102
200 101
199 101
199 100
199 99
199 98
199 97
198 97
198 96
198 95
198 94
198 93
198 92
198 91
198 90
198 89
198 88
198 87
198 86
197 86
197 85
196 85
196 84
196 83
196 82
196 81
196 80
196 79
196 78
196 77
196 76
196 75
196 74
196 73
196 72
196 71
196 70
196 69
196 68
196 67
196 66
196 65
196 64
196 63
196 62
196 61
196 60
196 59
196 58
196 57
196 56
196 55
196 54
196 53
196 52
196 51
196 50
196 49
196 48
196 47
196 46
196 45
196 44
196 43
196 42
196 41
196 40
196 39
196 38
196 37
196 36
196 35
196 34
196 33
196 32
196 31
196 30
196 29
196 28
196 27
197 27
198 27
198 26
198 25
198 24
198 23
198 22
198 21
198 20
198 19
198 18
198 17
198 16
198 15
198 14
198 13
198 12
198 11
198 10
198 9
198 8
197 8
197 7
196 7
196 6
195 6
195 5
194 5
194 4
193 4
193 3
192 3
192 2
