413 444
413 443
413 442
413 441
413 440
413 439
413 438
413 437
413 436
413 435
413 434
413 433
413 432
413 431
413 430
412 430
412 429
411 429
411 428
410 428
410 427
409 427
409 426
408 426
408 425
407 425
407 424
406 424
406 423
405 423
404 423
404 422
403 422
403 421
402 421
402 420
401 420
401 419
400 419
400 418
399 418
399 417
398 417
398 416
397 416
397 415
396 415
395 415
395 414
394 414
393 414
393 413
392 413
392 412
391 412
391 411
390 411
390 410
389 410
389 409
388 409
388 408
387 408
386 408
386 407
385 407
385 406
384 406
384 405
383 405
383 404
382 404
382 403
382 402
381 402
381 401
381 400
380 400
380 399
380 398
379 398
379 397
379 396
379 395
379 394
379 393
379 392
379 391
379 390
379 389
379 388
379 387
379 386
379 385
379 384
379 383
379 382
379 381
379 380
379 379
379 378
379 377
379 376
379 375
379 374
379 373
379 372
379 371
379 370
379 369
379 368
379 367
379 366
379 365
379 364
379 363
379 362
379 361
379 360
379 359
379 358
379 357
379 356
379 355
379 354
379 353
379 352
378 352
378 351
377 351
377 350
