346 389
346 388
346 387
346 386
346 385
346 384
346 383
346 382
347 382
348 382
349 382
350 382
351 382
352 382
353 382
354 382
355 382
356 382
357 382
358 382
359 382
360 382
361 382
362 382
363 382
364 382
364 381
365 381
365 380
366 380
367 380
367 379
367 378
368 378
368 377
369 377
369 376
369 375
369 374
369 373
369 372
369 371
369 370
369 369
369 368
369 367
369 366
369 365
369 364
369 363
369 362
369 361
370 361
371 361
372 361
372 360
373 360
373 359
374 359
374 358
374 357
374 356
374 355
374 354
374 353
374 352
374 351
374 350
374 349
374 348
374 347
374 346
374 345
374 344
374 343
374 342
374 341
374 340
374 339
374 338
374 337
374 336
374 335
374 334
374 333
374 332
374 331
374 330
374 329
374 328
374 327
374 326
374 325
374 324
374 323
374 322
374 321
374 320
374 319
374 318
374 317
374 316
374 315
374 314
374 313
374 312
374 311
374 310
374 309
374 308
374 307
374 306
374 305
374 304
374 303
374 302
374 301
374 300
374 299
374 298
374 297
374 296
374 295
374 294
374 293
374 292
374 291
374 290
374 289
374 288
374 287
374 286
374 285
374 284
374 283
374 282
374 281
374 280
374 279
374 278
374 277
374 276
374 275
374 274
374 273
374 272
374 271
374 270
374 269
374 268
374 267
374 266
374 265
374 264
374 263
374 262
374 261
374 260
374 259
374 258
374 257
374 256
374 255
374 254
374 253
374 252
374 251
375 251
375 250
376 250
376 249
377 249
377 248
378 248
378 247
379 247
379 246
380 246
380 245
381 245
381 244
382 244
382 243
383 243
383 242
384 242
384 241
385 241
385 240
386 240
386 239
387 239
387 238
388 238
388 237
389 237
389 236
390 236
390 235
391 235
391 234
392 234
392 233
393 233
393 232
394 232
394 231
395 231
395 230
396 230
396 229
397 229
397 228
398 228
398 227
399 227
399 226
400 226
400 225
401 225
401 224
402 224
402 223
403 223
