321 5
322 6
322 7
322 8
322 9
322 10
322 11
322 12
322 13
322 14
322 15
322 16
322 17
323 17
324 17
325 17
326 17
326 18
327 18
327 19
328 19
328 20
328 21
328 22
328 23
328 24
328 25
328 26
328 27
328 28
328 29
328 30
328 31
328 32
328 33
328 34
328 35
328 36
328 37
328 38
328 39
328 40
328 41
328 42
328 43
328 44
328 45
328 46
328 47
328 48
328 49
328 50
328 51
328 52
328 53
328 54
328 55
328 56
328 57
328 58
328 59
328 60
328 61
328 62
328 63
328 64
328 65
328 66
328 67
328 68
328 69
328 70
328 71
328 72
328 73
328 74
329 74
329 75
330 75
330 76
331 76
331 77
331 78
331 79
331 80
331 81
331 82
331 83
331 84
331 85
331 86
331 87
331 88
331 89
331 90
331 91
331 92
331 93
331 94
331 95
331 96
331 97
331 98
331 99
331 100
331 101
331 102
331 103
331 104
331 105
331 106
331 107
331 108
331 109
331 110
331 111
331 112
331 113
331 114
331 115
331 116
331 117
331 118
331 119
331 120
331 121
331 122
331 123
331 124
331 125
331 126
331 127
331 128
332 128
332 129
333 129
333 130
334 130
334 131
335 131
335 132
336 132
336 133
337 133
337 134
338 134
338 135
339 135
339 136
340 136
340 137
341 137
341 138
342 138
342 139
343 139
343 140
344 140
344 141
345 141
345 142
346 142
346 143
347 143
347 144
347 145
348 145
348 146
348 147
348 148
349 148
349 149
349 150
349 151
349 152
349 153
349 154
349 155
350 155
350 156
351 156
351 157
352 157
352 158
353 158
353 159
354 159
355 159
356 159
357 159
358 159
359 159
360 159
361 159
362 159
363 159
363 160
364 160
364 161
365 161
365 162
366 162
366 163
367 163
367 164
368 164
368 165
369 165
369 166
370 166
370 167
371 167
371 168
372 168
372 169
373 169
373 170
374 170
374 171
375 171
375 172
376 172
376 173
377 173
377 174
378 174
378 175
379 175
379 176
380 176
380 177
381 177
381 178
382 178
382 179
383 179
383 180
384 180
384 181
385 181
385 182
386 182
386 183
387 183
387 184
388 184
388 185
389 185
389 186
390 186
390 187
391 187
391 188
392 188
392 189
393 189
393 190
394 190
394 191
395 191
395 192
396 192
396 193
397 193
397 194
398 194
398 195
399 195
399 196
400 196
