395 80
394 80
394 79
394 78
394 77
394 76
394 75
394 74
394 73
394 72
394 71
394 70
394 69
394 68
394 67
394 66
394 65
394 64
394 63
394 62
394 61
394 60
394 59
394 58
394 57
394 56
394 55
394 54
394 53
394 52
394 51
394 50
394 49
394 48
394 47
394 46
394 45
394 44
394 43
394 42
394 41
394 40
393 40
393 39
392 39
392 38
391 38
391 37
390 37
389 37
388 37
387 37
386 37
385 37
384 37
383 37
382 37
381 37
380 37
379 37
378 37
377 37
376 37
375 37
374 37
373 37
372 37
371 37
371 36
371 35
371 34
371 33
371 32
371 31
371 30
371 29
371 28
371 27
371 26
371 25
371 24
371 23
371 22
371 21
371 20
371 19
371 18
371 17
371 16
371 15
371 14
371 13
370 13
370 12
369 12
369 11
368 11
367 11
366 11
365 11
364 11
363 11
362 11
361 11
360 11
359 11
358 11
357 11
356 11
355 11
354 11
353 11
352 11
351 11
350 11
349 11
348 11
348 12
347 12
347 13
346 13
346 14
345 14
345 15
344 15
344 16
344 17
343 17
343 18
342 18
342 19
342 20
341 20
341 21
341 22
341 23
341 24
341 25
341 26
341 27
341 28
341 29
341 30
341 31
340 31
340 32
340 33
340 34
340 35
340 36
340 37
340 38
340 39
340 40
340 41
340 42
340 43
340 44
340 45
340 46
340 47
340 48
340 49
340 50
340 51
340 52
340 53
340 54
340 55
340 56
340 57
340 58
340 59
340 60
340 61
340 62
340 63
340 64
340 65
340 66
340 67
340 68
340 69
340 70
340 71
340 72
340 73
340 74
340 75
340 76
340 77
340 78
340 79
340 80
340 81
340 82
340 83
340 84
340 85
340 86
340 87
340 88
340 89
340 90
340 91
340 92
340 93
340 94
340 95
340 96
340 97
340 98
340 99
340 100
340 101
340 102
340 103
340 104
340 105
340 106
340 107
340 108
340 109
340 110
340 111
340 112
340 113
340 114
340 115
340 116
340 117
340 118
340 119
340 120
340 121
340 122
340 123
340 124
340 125
340 126
340 127
340 128
340 129
340 130
340 131
340 132
340 133
340 134
340 135
340 136
340 137
340 138
340 139
340 140
340 141
340 142
340 143
340 144
340 145
339 145
338 145
337 145
336 145
335 145
334 145
333 145
332 145
331 145
330 145
329 145
328 145
327 145
326 145
325 145
324 145
323 145
322 145
321 145
320 145
319 145
318 145
317 145
316 145
315 145
314 145
313 145
312 145
311 145
310 145
309 145
308 145
307 145
306 145
305 145
304 145
303 145
302 145
301 145
300 145
299 145
298 145
297 145
296 145
295 145
294 145
293 145
292 145
291 145
290 145
289 145
289 146
288 146
287 146
287 147
286 147
285 147
285 148
285 149
284 149
284 150
284 151
283 151
283 152
283 153
283 154
283 155
283 156
283 157
283 158
283 159
283 160
282 160
282 161
282 162
282 163
282 164
282 165
282 166
282 167
282 168
282 169
281 169
281 170
281 171
281 172
281 173
281 174
281 175
280 175
280 176
280 177
280 178
280 179
280 180
280 181
280 182
280 183
280 184
280 185
280 186
280 187
280 188
280 189
280 190
280 191
280 192
280 193
280 194
280 195
280 196
280 197
280 198
280 199
280 200
280 201
280 202
280 203
280 204
280 205
280 206
280 207
280 208
280 209
280 210
280 211
280 212
280 213
279 213
279 214
278 214
278 215
277 215
277 216
276 216
276 217
275 217
275 218
274 218
274 219
273 219
273 220
272 220
272 221
271 221
271 222
270 222
270 223
269 223
269 224
268 224
268 225
267 225
267 226
266 226
266 227
265 227
265 228
264 228
264 229
263 229
263 230
262 230
262 231
261 231
261 232
260 232
260 233
259 233
259 234
258 234
258 235
257 235
257 236
256 236
256 237
255 237
255 238
254 238
254 239
253 239
253 240
252 240
252 241
251 241
251 242
250 242
250 243
249 243
249 244
248 244
248 245
247 245
247 246
246 246
246 247
246 248
245 248
244 248
244 249
244 250
243 250
242 250
242 251
242 252
241 252
240 252
240 253
240 254
239 254
238 254
238 255
238 256
237 256
236 256
236 257
236 258
235 258
234 258
234 259
234 260
233 260
232 260
232 261
232 262
231 262
230 262
230 263
230 264
229 264
228 264
228 265
228 266
227 266
226 266
226 267
226 268
225 268
224 268
224 269
224 270
223 270
222 270
222 271
222 272
221 272
220 272
220 273
220 274
219 274
218 274
218 275
218 276
217 276
216 276
216 277
216 278
215 278
215 279
214 279
213 279
213 280
212 280
212 281
212 282
211 282
210 282
210 283
210 284
209 284
208 284
208 285
208 286
207 286
206 286
206 287
206 288
205 288
204 288
204 289
204 290
203 290
202 290
202 291
202 292
201 292
200 292
200 293
200 294
199 294
198 294
198 295
