11 11
12 12
13 13
14 14
15 15
16 15
17 15
18 15
19 15
20 15
21 15
22 15
23 15
24 15
25 15
26 15
27 15
28 15
29 15
30 15
31 15
32 15
33 15
34 15
35 15
36 15
37 15
38 15
39 15
40 15
41 15
42 15
43 15
44 15
45 15
46 15
47 15
48 15
49 15
50 15
51 15
52 15
53 15
54 15
55 15
56 15
57 15
57 16
58 16
59 16
59 17
60 17
61 17
61 18
62 18
63 18
63 19
64 19
64 20
65 20
65 21
65 22
65 23
65 24
65 25
65 26
65 27
65 28
65 29
65 30
65 31
65 32
65 33
65 34
65 35
65 36
65 37
65 38
65 39
65 40
65 41
65 42
65 43
65 44
66 44
66 45
66 46
66 47
66 48
66 49
66 50
66 51
66 52
66 53
66 54
66 55
66 56
66 57
66 58
66 59
66 60
66 61
66 62
66 63
66 64
66 65
66 66
66 67
66 68
66 69
66 70
66 71
66 72
66 73
66 74
66 75
66 76
66 77
66 78
66 79
66 80
66 81
66 82
66 83
66 84
66 85
67 85
68 85
69 85
70 85
71 85
72 85
73 85
74 85
75 85
76 85
77 85
78 85
79 85
80 85
81 85
82 85
83 85
84 85
85 85
86 85
87 85
88 85
89 85
90 85
91 85
92 85
93 85
94 85
95 85
96 85
97 85
98 85
99 85
100 85
101 85
102 85
103 85
104 85
105 85
106 85
107 85
108 85
109 85
110 85
111 85
112 85
113 85
114 85
115 85
115 86
116 86
116 87
117 87
117 88
117 89
117 90
117 91
117 92
117 93
117 94
117 95
117 96
117 97
117 98
117 99
117 100
117 101
117 102
117 103
117 104
117 105
117 106
117 107
117 108
117 109
117 110
117 111
117 112
117 113
117 114
117 115
118 115
118 116
118 117
118 118
118 119
118 120
118 121
118 122
118 123
118 124
118 125
118 126
118 127
118 128
118 129
118 130
119 130
119 131
119 132
119 133
119 134
120 134
120 135
121 135
121 136
121 137
121 138
121 139
121 140
122 140
123 140
124 140
125 140
126 140
127 140
128 140
129 140
130 140
131 140
132 140
133 140
133 141
134 141
135 141
136 141
136 142
137 142
138 142
139 142
140 142
140 143
141 143
142 143
143 143
144 143
145 143
145 144
146 144
147 144
148 144
149 144
150 144
151 144
152 144
153 144
154 144
155 144
156 144
157 144
157 145
158 145
158 146
159 146
160 146
161 146
162 146
163 146
164 146
165 146
166 146
167 146
168 146
169 146
170 146
171 146
172 146
173 146
174 146
175 146
176 146
177 146
178 146
179 146
180 146
181 146
182 146
183 146
184 146
185 146
186 146
187 146
188 146
189 146
190 146
191 146
192 146
193 146
194 146
195 146
196 146
197 146
198 146
199 146
200 146
201 146
202 146
203 146
204 146
205 146
206 146
207 146
208 146
208 147
209 147
210 147
210 148
211 148
212 148
212 149
212 150
213 150
213 151
213 152
214 152
214 153
214 154
214 155
214 156
215 156
215 157
215 158
215 159
215 160
216 160
216 161
216 162
216 163
216 164
216 165
217 165
217 166
217 167
218 167
218 168
218 169
218 170
218 171
218 172
218 173
218 174
219 174
219 175
219 176
219 177
219 178
219 179
219 180
219 181
219 182
219 183
219 184
219 185
219 186
219 187
219 188
219 189
219 190
219 191
219 192
219 193
219 194
219 195
219 196
219 197
219 198
219 199
219 200
219 201
219 202
219 203
219 204
219 205
219 206
219 207
219 208
219 209
219 210
219 211
219 212
219 213
219 214
219 215
219 216
219 217
219 218
219 219
219 220
219 221
219 222
219 223
219 224
219 225
219 226
219 227
219 228
219 229
219 230
219 231
219 232
219 233
219 234
219 235
219 236
219 237
219 238
219 239
219 240
219 241
219 242
219 243
219 244
219 245
219 246
219 247
219 248
219 249
219 250
219 251
219 252
219 253
219 254
219 255
219 256
219 257
219 258
219 259
219 260
219 261
219 262
219 263
219 264
219 265
219 266
219 267
219 268
219 269
219 270
219 271
219 272
219 273
219 274
219 275
219 276
219 277
219 278
219 279
219 280
219 281
219 282
219 283
219 284
219 285
219 286
219 287
219 288
219 289
220 289
220 290
220 291
221 291
222 291
222 292
222 293
223 293
224 293
224 294
224 295
225 295
226 295
226 296
226 297
227 297
228 297
228 298
228 299
229 299
230 299
230 300
230 301
231 301
232 301
232 302
232 303
233 303
234 303
234 304
234 305
235 305
236 305
236 306
236 307
237 307
238 307
238 308
238 309
239 309
240 309
240 310
240 311
241 311
242 311
242 312
242 313
243 313
244 313
244 314
244 315
245 315
246 315
246 316
246 317
247 317
248 317
248 318
248 319
249 319
250 319
250 320
250 321
251 321
252 321
252 322
252 323
253 323
254 323
254 324
254 325
255 325
256 325
256 326
256 327
257 327
258 327
258 328
258 329
259 329
260 329
260 330
260 331
261 331
262 331
262 332
262 333
263 333
264 333
264 334
264 335
265 335
266 335
266 336
266 337
267 337
268 337
268 338
268 339
269 339
270 339
270 340
270 341
271 341
272 341
272 342
272 343
273 343
274 343
274 344
274 345
275 345
276 345
276 346
276 347
277 347
278 347
278 348
278 349
279 349
280 349
280 350
280 351
281 351
282 351
282 352
282 353
283 353
284 353
284 354
284 355
285 355
286 355
286 356
286 357
287 357
288 357
288 358
288 359
289 359
290 359
290 360
290 361
291 361
292 361
292 362
293 362
293 363
294 363
294 364
295 364
295 365
295 366
296 366
296 367
297 367
297 368
298 368
299 368
299 369
300 369
300 370
301 370
301 371
302 371
302 372
303 372
303 373
304 373
304 374
305 374
305 375
306 375
306 376
306 377
307 377
307 378
308 378
308 379
309 379
309 380
310 380
310 381
311 381
312 381
312 382
312 383
313 383
314 383
314 384
314 385
315 385
316 385
316 386
317 386
317 387
