362 194
363 195
363 196
363 197
363 198
363 199
363 200
363 201
363 202
363 203
363 204
363 205
363 206
363 207
363 208
363 209
363 210
363 211
363 212
363 213
363 214
363 215
363 216
363 217
363 218
363 219
363 220
363 221
363 222
363 223
363 224
363 225
363 226
363 227
363 228
363 229
363 230
363 231
363 232
363 233
363 234
363 235
363 236
363 237
363 238
363 239
363 240
363 241
363 242
363 243
363 244
363 245
363 246
363 247
363 248
363 249
363 250
363 251
363 252
363 253
363 254
363 255
363 256
363 257
363 258
363 259
363 260
363 261
363 262
363 263
363 264
363 265
363 266
363 267
363 268
363 269
363 270
363 271
363 272
363 273
363 274
363 275
363 276
363 277
363 278
363 279
363 280
363 281
363 282
363 283
363 284
363 285
363 286
363 287
363 288
363 289
363 290
363 291
363 292
363 293
363 294
363 295
363 296
363 297
363 298
363 299
363 300
363 301
363 302
363 303
363 304
363 305
363 306
363 307
363 308
363 309
363 310
363 311
363 312
363 313
363 314
363 315
363 316
363 317
363 318
363 319
363 320
363 321
363 322
363 323
363 324
363 325
364 325
364 326
364 327
364 328
364 329
364 330
364 331
364 332
364 333
364 334
364 335
364 336
364 337
364 338
364 339
364 340
364 341
364 342
364 343
364 344
364 345
364 346
364 347
364 348
364 349
364 350
364 351
364 352
364 353
364 354
364 355
364 356
364 357
364 358
364 359
364 360
364 361
364 362
364 363
364 364
364 365
365 365
365 366
365 367
366 367
366 368
366 369
367 369
367 370
367 371
367 372
367 373
368 373
368 374
369 374
369 375
369 376
369 377
369 378
369 379
369 380
369 381
369 382
369 383
369 384
369 385
369 386
369 387
369 388
369 389
369 390
369 391
369 392
369 393
369 394
369 395
369 396
369 397
369 398
369 399
369 400
369 401
369 402
369 403
369 404
369 405
369 406
369 407
369 408
369 409
369 410
369 411
369 412
369 413
369 414
369 415
369 416
369 417
369 418
370 418
370 419
370 420
371 420
372 420
372 421
372 422
373 422
374 422
374 423
374 424
375 424
376 424
376 425
376 426
377 426
378 426
378 427
378 428
379 428
380 428
380 429
380 430
381 430
382 430
382 431
382 432
383 432
384 432
384 433
384 434
385 434
386 434
386 435
386 436
387 436
388 436
388 437
388 438
389 438
390 438
390 439
390 440
391 440
392 440
392 441
392 442
393 442
394 442
394 443
395 443
395 444
396 444
396 445
397 445
397 446
398 446
398 447
399 447
399 448
399 449
400 449
400 450
401 450
401 451
402 451
403 451
403 452
404 452
404 453
404 454
405 454
405 455
406 455
406 456
407 456
407 457
408 457
408 458
409 458
409 459
410 459
410 460
411 460
412 460
412 461
412 462
413 462
413 463
414 463
414 464
415 464
415 465
416 465
