9 245
10 245
11 246
12 247
13 248
14 249
15 250
16 251
17 252
18 252
19 252
20 252
21 252
22 252
23 252
24 252
25 252
26 252
27 252
28 252
29 252
30 252
31 252
32 252
33 252
34 252
35 252
36 252
37 252
38 252
39 252
40 252
41 252
42 252
43 252
44 252
45 252
46 252
47 252
48 252
49 252
50 253
51 254
52 255
53 256
54 257
55 258
56 259
57 260
58 261
59 262
60 263
61 264
62 265
63 266
64 267
65 268
66 268
67 269
68 269
69 270
70 270
71 270
72 270
73 270
74 270
75 270
76 270
77 270
78 270
79 270
80 270
81 270
82 270
83 270
84 270
85 270
86 270
87 270
88 270
89 270
90 270
91 270
92 270
93 270
94 270
95 270
96 270
97 270
98 270
99 270
100 270
101 270
102 270
103 270
104 270
105 270
106 270
107 270
108 270
109 270
110 270
111 270
112 270
113 270
114 270
115 270
116 270
117 270
118 270
119 270
120 270
121 270
122 270
123 270
124 270
125 270
126 270
127 270
128 270
129 270
130 270
131 270
132 270
133 270
134 270
135 270
136 270
137 270
138 270
139 270
140 270
141 270
142 270
143 270
144 270
145 270
146 270
147 270
148 270
149 270
150 270
151 270
152 270
153 270
154 270
155 270
156 270
157 270
158 270
159 270
160 270
161 270
162 270
163 270
164 270
165 270
166 270
167 270
168 270
169 270
170 270
171 270
172 270
173 270
174 271
175 271
176 272
177 272
178 273
179 273
180 274
181 274
182 274
183 275
184 275
185 276
186 276
187 277
188 277
189 278
190 278
191 279
192 279
193 279
194 280
195 280
196 281
197 281
198 282
199 282
200 283
201 283
202 284
203 284
204 284
205 285
206 285
207 286
208 286
209 287
210 287
211 288
212 288
213 289
214 289
215 289
216 290
217 290
218 291
219 291
220 292
221 292
222 293
223 293
224 294
225 294
226 294
227 295
228 295
229 296
230 296
231 297
232 297
233 298
234 298
235 299
236 299
237 299
238 300
239 300
240 301
241 301
242 302
243 302
244 303
245 303
246 304
247 304
248 304
249 305
250 305
251 306
252 306
253 307
254 307
255 308
256 309
257 309
