303 351
303 350
303 349
303 348
303 347
303 346
303 345
303 344
303 343
303 342
303 341
303 340
303 339
303 338
303 337
303 336
303 335
302 335
302 334
301 334
301 333
300 333
300 332
299 332
299 331
298 331
297 331
297 330
296 330
296 329
295 329
294 329
294 328
293 328
293 327
292 327
292 326
291 326
291 325
291 324
290 324
290 323
290 322
289 322
289 321
289 320
289 319
289 318
290 318
290 317
290 316
291 316
291 315
291 314
292 314
293 314
293 313
294 313
295 313
295 312
296 312
297 312
298 312
299 312
300 312
300 311
301 311
302 311
302 310
302 309
303 309
304 309
304 308
304 307
305 307
305 306
306 306
306 305
307 305
307 304
308 304
308 303
309 303
309 302
310 302
310 301
311 301
311 300
312 300
312 299
313 299
313 298
314 298
314 297
315 297
315 296
316 296
316 295
317 295
317 294
318 294
318 293
319 293
319 292
320 292
320 291
321 291
321 290
322 290
322 289
323 289
323 288
324 288
324 287
325 287
325 286
326 286
326 285
327 285
327 284
328 284
328 283
329 283
329 282
330 282
330 281
331 281
331 280
332 280
332 279
333 279
333 278
334 278
334 277
335 277
335 276
336 276
336 275
337 275
337 274
338 274
338 273
339 273
339 272
340 272
340 271
341 271
341 270
342 270
342 269
343 269
343 268
344 268
344 267
345 267
345 266
346 266
346 265
347 265
347 264
348 264
348 263
349 263
349 262
350 262
350 261
351 261
351 260
352 260
352 259
353 259
353 258
354 258
