247 363
246 363
245 363
244 363
243 363
242 363
241 363
240 363
239 363
239 362
238 362
237 362
237 361
237 360
236 360
235 360
235 359
235 358
234 358
233 358
233 357
233 356
232 356
231 356
231 355
231 354
230 354
229 354
229 353
229 352
228 352
227 352
227 351
227 350
226 350
225 350
225 349
225 348
224 348
223 348
223 347
223 346
222 346
221 346
221 345
221 344
220 344
219 344
219 343
219 342
218 342
217 342
217 341
217 340
217 339
217 338
217 337
217 336
217 335
217 334
217 333
217 332
217 331
217 330
217 329
217 328
217 327
217 326
217 325
217 324
217 323
216 323
216 322
216 321
215 321
215 320
215 319
214 319
214 318
213 318
212 318
212 317
211 317
210 317
210 316
209 316
208 316
207 316
206 316
205 316
204 316
203 316
202 316
201 316
200 316
199 316
198 316
197 316
196 316
195 316
194 316
193 316
192 316
192 315
191 315
190 315
190 314
190 313
189 313
188 313
188 312
188 311
187 311
186 311
186 310
186 309
185 309
184 309
184 308
184 307
183 307
182 307
182 306
182 305
181 305
180 305
180 304
180 303
179 303
178 303
178 302
178 301
177 301
176 301
176 300
176 299
175 299
174 299
174 298
174 297
173 297
172 297
172 296
172 295
171 295
170 295
170 294
170 293
169 293
168 293
168 292
168 291
167 291
166 291
166 290
166 289
165 289
164 289
164 288
164 287
163 287
162 287
162 286
162 285
161 285
160 285
160 284
160 283
159 283
158 283
158 282
158 281
157 281
156 281
156 280
156 279
155 279
154 279
154 278
154 277
153 277
152 277
152 276
152 275
151 275
150 275
150 274
150 273
149 273
148 273
148 272
148 271
147 271
146 271
146 270
145 270
144 270
143 270
142 270
141 270
140 270
139 270
138 270
137 270
136 270
135 270
134 270
133 270
132 270
131 270
130 270
129 270
128 270
127 270
126 270
125 270
124 270
123 270
122 270
121 270
120 270
119 270
118 270
117 270
116 270
115 270
114 270
113 270
112 270
111 270
110 270
109 270
108 270
107 270
106 270
105 270
104 270
103 270
102 270
101 270
100 270
99 270
98 270
97 270
96 270
95 270
94 270
93 270
92 270
91 270
90 270
89 270
88 270
87 270
86 270
85 270
84 270
83 270
82 270
81 270
80 270
79 270
78 270
77 270
76 270
75 270
74 270
73 270
72 270
71 270
70 270
69 270
68 270
68 269
67 269
66 269
66 268
65 268
64 268
64 267
64 266
63 266
63 265
63 264
62 264
62 263
62 262
62 261
62 260
62 259
62 258
62 257
62 256
62 255
62 254
62 253
62 252
62 251
62 250
62 249
62 248
62 247
62 246
62 245
62 244
62 243
62 242
62 241
62 240
62 239
62 238
62 237
62 236
62 235
62 234
62 233
62 232
62 231
61 231
60 231
59 231
58 231
57 231
56 231
55 231
54 231
53 231
52 231
51 231
50 231
49 231
48 231
47 231
46 231
45 231
44 231
43 231
42 231
41 231
41 230
40 230
40 229
39 229
39 228
39 227
39 226
39 225
39 224
39 223
40 223
40 222
41 222
41 221
41 220
41 219
41 218
41 217
41 216
41 215
41 214
41 213
41 212
41 211
41 210
41 209
41 208
41 207
42 207
42 206
43 206
43 205
44 205
45 205
46 205
47 205
48 205
49 205
50 205
51 205
52 205
53 205
54 205
55 205
56 205
57 205
58 205
59 205
59 204
60 204
61 204
61 203
61 202
62 202
63 202
63 201
63 200
64 200
65 200
65 199
65 198
66 198
67 198
67 197
67 196
68 196
69 196
69 195
69 194
70 194
