37 75
37 76
37 77
37 78
37 79
37 80
37 81
37 82
37 83
37 84
37 85
37 86
37 87
37 88
37 89
37 90
37 91
37 92
37 93
37 94
37 95
37 96
37 97
37 98
37 99
37 100
37 101
37 102
37 103
37 104
37 105
37 106
37 107
37 108
37 109
37 110
37 111
36 111
35 111
34 111
33 111
32 111
31 111
31 112
30 112
30 113
29 113
29 114
29 115
28 115
27 115
26 115
25 115
25 116
24 116
24 117
23 117
23 118
23 119
22 119
22 120
22 121
21 121
21 122
21 123
21 124
21 125
21 126
21 127
21 128
21 129
21 130
21 131
21 132
21 133
21 134
21 135
21 136
21 137
21 138
21 139
21 140
21 141
21 142
21 143
21 144
21 145
21 146
21 147
21 148
21 149
21 150
21 151
21 152
21 153
21 154
21 155
21 156
21 157
21 158
21 159
21 160
21 161
21 162
21 163
21 164
21 165
21 166
21 167
21 168
21 169
21 170
21 171
21 172
21 173
21 174
21 175
21 176
21 177
21 178
22 178
22 179
22 180
23 180
24 180
24 181
24 182
25 182
26 182
26 183
26 184
27 184
28 184
28 185
28 186
29 186
30 186
30 187
30 188
31 188
32 188
32 189
32 190
33 190
34 190
34 191
34 192
35 192
36 192
36 193
36 194
37 194
38 194
38 195
38 196
39 196
39 197
39 198
39 199
39 200
39 201
39 202
39 203
39 204
39 205
39 206
39 207
39 208
39 209
39 210
39 211
39 212
39 213
39 214
39 215
39 216
39 217
39 218
39 219
39 220
39 221
39 222
39 223
39 224
39 225
39 226
39 227
39 228
39 229
40 229
40 230
41 230
41 231
42 231
43 231
44 231
45 231
46 231
47 231
48 231
49 231
50 231
51 231
52 231
53 231
54 231
55 231
56 231
57 231
58 231
59 231
60 231
61 231
62 231
63 231
64 231
65 231
66 231
67 231
68 231
69 231
70 231
71 231
72 231
73 231
74 231
74 232
75 232
76 232
76 233
76 234
77 234
78 234
78 235
78 236
79 236
80 236
80 237
80 238
81 238
82 238
82 239
82 240
83 240
84 240
84 241
84 242
85 242
