173 282
174 283
175 283
176 283
177 283
178 283
179 283
180 283
181 283
182 283
183 283
184 283
185 283
186 283
187 283
188 283
189 283
190 283
191 283
192 283
193 283
194 283
195 283
196 283
197 283
198 283
199 283
200 283
201 283
202 283
203 283
204 283
205 283
206 283
207 283
208 283
209 283
210 283
211 283
212 283
213 283
214 283
215 283
216 283
217 283
218 283
219 283
220 283
221 283
222 283
223 283
224 283
225 283
226 283
227 283
228 283
229 283
230 283
231 283
232 283
233 283
234 283
235 283
236 283
237 283
238 283
239 283
240 283
241 283
242 283
243 283
244 283
245 283
246 283
247 283
248 283
249 283
250 283
251 283
252 283
253 283
254 283
255 283
256 283
257 283
258 283
259 283
260 283
261 283
262 283
263 283
264 283
265 283
266 283
267 283
268 283
269 283
270 283
271 283
272 283
273 283
274 283
275 283
276 283
277 283
278 283
279 283
280 283
281 283
282 283
283 283
284 283
285 283
286 283
287 283
288 283
289 283
290 283
291 283
292 283
293 283
294 283
295 283
296 283
297 283
298 283
299 283
300 283
301 283
302 283
303 283
304 283
305 283
306 283
307 283
308 283
309 283
310 283
311 283
312 283
313 283
314 283
315 283
316 283
317 283
318 283
319 283
320 283
321 283
322 283
323 283
324 283
325 283
326 283
327 283
328 283
329 283
330 283
331 283
332 283
333 283
334 283
335 283
336 283
337 283
338 283
339 283
340 283
341 283
342 283
343 283
344 283
345 283
346 283
347 283
348 283
349 283
350 283
351 283
352 283
353 283
354 283
355 283
356 283
357 283
358 283
359 283
360 283
361 283
362 283
363 283
364 283
365 283
366 283
367 283
368 283
369 283
370 283
371 283
372 283
373 283
373 284
374 284
375 284
376 284
377 284
378 284
378 285
379 285
379 286
380 286
