68 175
68 176
68 177
68 178
68 179
68 180
68 181
68 182
68 183
68 184
68 185
68 186
68 187
68 188
68 189
68 190
68 191
68 192
68 193
68 194
68 195
68 196
68 197
68 198
68 199
68 200
68 201
68 202
68 203
68 204
68 205
67 205
66 205
65 205
64 205
63 205
62 205
61 205
60 205
59 205
58 205
57 205
56 205
55 205
54 205
53 205
52 205
51 205
50 205
49 205
48 205
47 205
46 205
45 205
44 205
43 205
43 206
42 206
42 207
41 207
41 208
41 209
41 210
41 211
41 212
41 213
41 214
41 215
41 216
41 217
41 218
41 219
41 220
41 221
41 222
40 222
40 223
39 223
39 224
39 225
39 226
39 227
39 228
39 229
39 230
39 231
39 232
39 233
39 234
39 235
39 236
39 237
39 238
39 239
39 240
39 241
39 242
39 243
39 244
39 245
39 246
39 247
39 248
39 249
39 250
39 251
39 252
39 253
39 254
39 255
39 256
39 257
39 258
39 259
39 260
39 261
39 262
39 263
39 264
39 265
39 266
39 267
39 268
39 269
39 270
39 271
39 272
39 273
39 274
39 275
39 276
39 277
39 278
39 279
39 280
39 281
39 282
39 283
39 284
39 285
39 286
39 287
39 288
39 289
39 290
39 291
39 292
39 293
39 294
39 295
39 296
39 297
39 298
39 299
39 300
39 301
39 302
39 303
39 304
39 305
39 306
39 307
39 308
39 309
39 310
39 311
39 312
39 313
39 314
39 315
39 316
39 317
39 318
39 319
39 320
40 320
41 320
42 320
43 320
44 320
45 320
46 320
47 320
48 320
49 320
50 320
51 320
52 320
53 320
54 320
55 320
56 320
57 320
58 320
59 320
60 320
61 320
62 320
63 320
64 320
65 320
66 320
66 321
67 321
68 321
68 322
69 322
70 322
70 323
70 324
71 324
71 325
71 326
72 326
72 327
72 328
72 329
72 330
72 331
72 332
72 333
72 334
72 335
72 336
72 337
72 338
72 339
72 340
72 341
72 342
72 343
72 344
72 345
72 346
72 347
72 348
72 349
72 350
72 351
72 352
72 353
72 354
72 355
72 356
72 357
72 358
72 359
72 360
72 361
72 362
72 363
72 364
72 365
72 366
72 367
72 368
72 369
72 370
72 371
72 372
72 373
72 374
72 375
72 376
72 377
72 378
72 379
72 380
72 381
72 382
72 383
72 384
72 385
72 386
72 387
72 388
72 389
72 390
72 391
72 392
72 393
72 394
72 395
72 396
72 397
72 398
72 399
72 400
72 401
72 402
72 403
72 404
72 405
72 406
72 407
72 408
72 409
72 410
72 411
72 412
72 413
72 414
72 415
72 416
72 417
72 418
72 419
72 420
71 420
71 421
71 422
70 422
69 422
69 423
69 424
68 424
67 424
67 425
67 426
66 426
65 426
65 427
65 428
64 428
63 428
63 429
63 430
62 430
61 430
61 431
61 432
60 432
59 432
59 433
59 434
58 434
57 434
57 435
57 436
56 436
55 436
55 437
55 438
54 438
53 438
53 439
52 439
51 439
51 440
50 440
49 440
49 441
48 441
47 441
46 441
45 441
44 441
43 441
42 441
41 441
41 442
40 442
40 443
39 443
39 444
39 445
39 446
39 447
39 448
39 449
39 450
39 451
39 452
39 453
38 453
38 454
38 455
37 455
36 455
36 456
36 457
35 457
34 457
34 458
34 459
33 459
32 459
32 460
32 461
31 461
30 461
30 462
30 463
29 463
28 463
28 464
28 465
27 465
26 465
26 466
26 467
25 467
24 467
24 468
24 469
23 469
22 469
22 470
22 471
21 471
20 471
20 472
20 473
19 473
18 473
18 474
18 475
17 475
