325 359
324 359
323 359
322 359
321 359
320 359
319 359
318 359
317 359
316 359
315 359
314 359
313 359
312 359
311 359
310 359
309 359
308 359
307 359
306 359
305 359
304 359
303 359
302 359
301 359
300 359
299 359
298 359
297 359
296 359
295 359
294 359
293 359
292 359
291 359
290 359
289 359
288 359
287 359
286 359
285 359
284 359
283 359
282 359
281 359
280 359
279 359
278 359
277 359
276 359
275 359
274 359
273 359
272 359
271 359
270 359
269 359
268 359
267 359
266 359
265 359
264 359
263 359
262 359
261 359
260 359
259 359
258 359
257 359
256 359
255 359
254 359
253 359
252 359
251 359
250 359
249 359
248 359
247 359
246 359
245 359
244 359
243 359
242 359
241 359
240 359
239 359
238 359
237 359
236 359
235 359
234 359
233 359
232 359
231 359
230 359
229 359
228 359
227 359
226 359
225 359
224 359
223 359
223 358
222 358
221 358
221 357
221 356
220 356
219 356
219 355
219 354
218 354
217 354
217 353
217 352
216 352
