258 291
258 290
258 289
258 288
258 287
258 286
258 285
258 284
258 283
258 282
258 281
258 280
258 279
258 278
258 277
258 276
258 275
258 274
258 273
258 272
258 271
258 270
258 269
258 268
258 267
258 266
258 265
258 264
258 263
258 262
258 261
258 260
258 259
258 258
258 257
258 256
258 255
258 254
258 253
258 252
258 251
258 250
258 249
258 248
258 247
258 246
258 245
258 244
258 243
258 242
258 241
258 240
258 239
258 238
258 237
258 236
258 235
258 234
258 233
258 232
258 231
258 230
259 229
260 228
261 227
262 226
263 225
264 224
265 223
266 222
267 221
268 220
269 219
270 218
271 217
272 216
273 215
274 214
275 213
276 212
277 211
278 210
279 209
280 208
281 207
282 206
283 205
283 204
283 203
283 202
283 201
283 200
283 199
283 198
283 197
283 196
283 195
283 194
283 193
283 192
283 191
283 190
283 189
283 188
283 187
283 186
283 185
283 184
283 183
283 182
283 181
283 180
283 179
283 178
283 177
283 176
283 175
283 174
283 173
283 172
283 171
283 170
283 169
283 168
283 167
283 166
283 165
283 164
283 163
283 162
283 161
283 160
283 159
283 158
283 157
283 156
283 155
283 154
283 153
283 152
283 151
284 150
284 149
285 148
286 147
287 147
288 146
289 145
290 144
291 143
292 142
293 141
294 140
295 139
296 138
297 137
298 136
299 135
300 134
301 134
302 134
303 133
304 133
305 132
306 132
307 131
308 131
309 130
310 130
311 129
312 129
313 129
314 128
315 128
316 127
317 127
318 126
319 126
320 125
321 125
322 124
323 124
324 124
325 123
326 123
327 122
328 122
329 121
330 121
331 120
332 120
333 119
334 119
335 119
336 118
337 118
338 117
339 117
340 116
341 116
342 115
343 114
344 114
