22 108
22 109
22 110
22 111
22 112
22 113
22 114
22 115
22 116
22 117
22 118
22 119
22 120
22 121
21 121
21 122
21 123
21 124
21 125
21 126
21 127
21 128
21 129
21 130
21 131
21 132
21 133
21 134
21 135
21 136
21 137
21 138
21 139
21 140
21 141
21 142
21 143
21 144
21 145
21 146
21 147
21 148
21 149
21 150
21 151
21 152
21 153
21 154
21 155
21 156
21 157
21 158
21 159
21 160
21 161
21 162
21 163
21 164
21 165
21 166
21 167
21 168
21 169
21 170
21 171
21 172
21 173
21 174
21 175
21 176
21 177
21 178
21 179
21 180
21 181
21 182
21 183
21 184
21 185
21 186
21 187
21 188
21 189
21 190
21 191
21 192
21 193
21 194
21 195
21 196
21 197
21 198
21 199
21 200
21 201
21 202
21 203
21 204
21 205
21 206
21 207
21 208
21 209
21 210
21 211
21 212
21 213
21 214
21 215
21 216
21 217
21 218
21 219
21 220
21 221
21 222
21 223
21 224
21 225
21 226
22 226
23 226
24 226
25 226
25 227
26 227
26 228
27 228
27 229
27 230
27 231
27 232
27 233
27 234
27 235
27 236
27 237
27 238
27 239
27 240
27 241
27 242
27 243
27 244
27 245
27 246
27 247
27 248
27 249
27 250
27 251
27 252
27 253
27 254
27 255
27 256
27 257
27 258
28 258
29 258
29 259
30 259
31 259
31 260
31 261
31 262
31 263
31 264
31 265
31 266
31 267
31 268
31 269
31 270
31 271
31 272
31 273
31 274
31 275
31 276
31 277
31 278
31 279
31 280
31 281
31 282
31 283
31 284
31 285
31 286
31 287
31 288
31 289
31 290
31 291
31 292
31 293
31 294
31 295
31 296
31 297
31 298
31 299
31 300
31 301
31 302
31 303
31 304
31 305
31 306
31 307
31 308
31 309
31 310
31 311
31 312
31 313
31 314
31 315
31 316
31 317
31 318
31 319
31 320
32 320
33 320
34 320
35 320
36 320
37 320
38 320
39 320
40 320
41 320
42 320
43 320
44 320
45 320
46 320
47 320
48 320
49 320
50 320
51 320
52 320
53 320
54 320
55 320
56 320
57 320
58 320
59 320
60 320
61 320
62 320
63 320
64 320
65 320
66 320
66 321
67 321
68 321
68 322
69 322
70 322
70 323
70 324
71 324
71 325
71 326
72 326
72 327
72 328
72 329
72 330
72 331
72 332
72 333
72 334
72 335
72 336
72 337
72 338
72 339
72 340
72 341
72 342
72 343
72 344
72 345
72 346
72 347
72 348
72 349
72 350
72 351
72 352
72 353
72 354
72 355
72 356
72 357
72 358
72 359
72 360
72 361
72 362
72 363
72 364
72 365
72 366
72 367
72 368
72 369
72 370
72 371
72 372
72 373
72 374
72 375
72 376
72 377
72 378
72 379
72 380
72 381
72 382
72 383
72 384
72 385
72 386
72 387
72 388
72 389
72 390
72 391
72 392
72 393
72 394
72 395
72 396
72 397
72 398
72 399
72 400
72 401
72 402
72 403
72 404
72 405
72 406
72 407
72 408
72 409
72 410
72 411
72 412
72 413
72 414
72 415
72 416
72 417
72 418
72 419
72 420
72 421
72 422
72 423
72 424
72 425
72 426
72 427
72 428
72 429
72 430
72 431
72 432
72 433
72 434
72 435
72 436
72 437
72 438
72 439
72 440
72 441
72 442
72 443
72 444
72 445
72 446
72 447
72 448
72 449
72 450
72 451
72 452
72 453
72 454
72 455
72 456
72 457
72 458
72 459
72 460
72 461
71 461
71 462
71 463
70 463
69 463
69 464
69 465
68 465
67 465
67 466
