430 447
429 447
428 447
427 447
426 447
425 447
424 447
423 447
422 447
421 447
420 447
419 447
418 447
417 447
416 447
415 447
414 447
413 447
412 447
411 447
410 447
409 447
408 447
407 447
406 447
405 447
404 447
403 447
402 447
401 447
400 447
399 447
398 447
397 447
396 447
395 447
394 447
393 447
392 447
391 447
390 447
389 447
388 447
387 447
386 447
385 447
384 447
383 447
382 447
381 447
380 447
379 447
378 447
377 447
377 446
376 446
376 445
375 445
375 444
374 444
374 443
373 443
373 442
372 442
371 442
371 441
370 441
369 441
369 440
368 440
368 439
367 439
367 438
366 438
366 437
365 437
364 437
364 436
363 436
363 435
362 435
362 434
361 434
361 433
360 433
359 433
359 432
358 432
357 432
357 431
356 431
356 430
355 430
355 429
354 429
354 428
353 428
352 428
352 427
351 427
350 427
350 426
349 426
348 426
347 426
346 426
345 426
344 426
343 426
342 426
341 426
340 426
339 426
338 426
337 426
336 426
335 426
334 426
333 426
332 426
331 426
330 426
329 426
328 426
327 426
326 426
325 426
324 426
323 426
322 426
321 426
320 426
319 426
318 426
317 426
316 426
315 426
314 426
313 426
312 426
312 427
311 427
311 428
310 428
310 429
309 429
309 430
308 430
307 430
307 431
307 432
306 432
305 432
305 433
305 434
304 434
303 434
303 435
303 436
302 436
301 436
301 437
301 438
300 438
299 438
299 439
299 440
298 440
297 440
297 441
297 442
297 443
297 444
296 444
296 445
296 446
295 446
295 447
295 448
295 449
294 449
293 449
292 449
291 449
291 450
290 450
289 450
288 450
288 451
287 451
286 451
286 452
286 453
285 453
284 453
284 454
284 455
283 455
282 455
282 456
282 457
281 457
280 457
280 458
280 459
279 459
278 459
278 460
278 461
277 461
276 461
276 462
276 463
275 463
274 463
274 464
274 465
273 465
272 465
272 466
272 467
271 467
270 467
270 468
270 469
269 469
268 469
268 470
268 471
267 471
266 471
266 472
266 473
265 473
264 473
264 474
263 474
263 475
263 476
262 476
262 477
261 477
260 477
260 478
260 479
259 479
258 479
258 480
258 481
257 481
256 481
256 482
256 483
255 483
254 483
254 484
254 485
253 485
252 485
252 486
252 487
251 487
250 487
250 488
250 489
249 489
248 489
248 490
248 491
247 491
247 492
246 492
245 492
245 493
245 494
244 494
243 494
243 495
243 496
242 496
241 496
241 497
241 498
240 498
