460 398
459 398
458 398
457 398
456 398
455 398
454 398
453 398
452 398
451 398
450 398
449 398
448 398
447 398
446 398
445 398
444 398
443 398
442 398
441 398
440 398
439 398
438 398
437 398
436 398
435 398
434 398
433 398
432 398
431 398
430 398
429 398
428 398
427 398
426 398
425 398
424 398
423 398
422 398
421 398
420 398
419 398
418 398
417 398
416 398
415 398
414 398
413 398
412 398
411 398
410 398
409 398
408 398
407 398
406 398
405 398
404 398
403 398
402 398
401 398
400 398
400 397
399 397
398 397
398 396
397 396
397 395
396 395
396 394
395 394
395 393
394 393
394 392
393 392
392 392
392 391
391 391
390 391
390 390
389 390
388 390
387 390
386 390
385 390
384 390
383 390
382 390
381 390
380 390
379 390
378 390
377 390
376 390
375 390
374 390
373 390
372 390
371 390
370 390
369 390
368 390
367 390
366 390
365 390
364 390
363 390
362 390
361 390
360 390
359 390
358 390
357 390
356 390
355 390
354 390
353 390
352 390
351 390
350 390
349 390
348 390
347 390
346 390
345 390
344 390
343 390
342 390
341 390
340 390
339 390
338 390
337 390
336 390
335 390
334 390
333 390
332 390
331 390
330 390
330 391
330 392
330 393
330 394
330 395
330 396
330 397
330 398
330 399
330 400
330 401
330 402
330 403
330 404
330 405
330 406
330 407
330 408
330 409
330 410
330 411
330 412
330 413
330 414
330 415
330 416
329 416
328 416
328 417
328 418
327 418
327 419
327 420
327 421
326 421
325 421
324 421
323 421
322 421
321 421
320 421
319 421
318 421
317 421
316 421
315 421
314 421
313 421
312 421
312 422
312 423
312 424
312 425
312 426
312 427
311 427
311 428
310 428
310 429
309 429
308 429
307 429
306 429
305 429
304 429
303 429
302 429
301 429
300 429
299 429
298 429
297 429
297 430
297 431
297 432
297 433
297 434
297 435
297 436
297 437
297 438
297 439
297 440
297 441
297 442
297 443
297 444
296 444
296 445
296 446
295 446
295 447
295 448
295 449
294 449
293 449
292 449
291 449
291 450
290 450
289 450
288 450
287 450
286 450
285 450
284 450
283 450
282 450
281 450
280 450
279 450
278 450
277 450
276 450
275 450
274 450
273 450
272 450
271 450
270 450
269 450
268 450
267 450
266 450
265 450
264 450
263 450
262 450
261 450
260 450
259 450
258 450
257 450
256 450
256 451
255 451
254 451
254 452
254 453
253 453
252 453
252 454
252 455
251 455
250 455
250 456
250 457
249 457
248 457
248 458
248 459
247 459
246 459
246 460
246 461
245 461
244 461
244 462
