283 47
284 48
284 49
284 50
284 51
284 52
284 53
284 54
284 55
284 56
284 57
284 58
284 59
284 60
284 61
284 62
284 63
284 64
284 65
284 66
284 67
284 68
284 69
284 70
284 71
284 72
284 73
284 74
284 75
284 76
284 77
284 78
284 79
284 80
284 81
284 82
284 83
284 84
284 85
284 86
284 87
284 88
284 89
284 90
284 91
284 92
284 93
284 94
284 95
284 96
284 97
284 98
284 99
284 100
284 101
284 102
284 103
284 104
284 105
284 106
284 107
284 108
284 109
284 110
284 111
284 112
284 113
284 114
284 115
284 116
284 117
284 118
284 119
284 120
285 120
285 121
285 122
286 122
286 123
286 124
287 124
288 124
288 125
289 125
290 125
290 126
291 126
292 126
293 126
294 126
295 126
296 126
297 126
298 126
299 126
300 126
301 126
302 126
303 126
304 126
305 126
306 126
307 126
308 126
309 126
310 126
311 126
312 126
313 126
314 126
315 126
316 126
317 126
318 126
319 126
320 126
321 126
322 126
323 126
324 126
325 126
326 126
327 126
328 126
329 126
330 126
331 126
332 126
333 126
334 126
335 126
336 126
337 126
338 126
339 126
340 126
341 126
342 126
343 126
344 126
345 126
345 127
346 127
346 128
346 129
346 130
346 131
346 132
346 133
346 134
347 134
347 135
347 136
347 137
347 138
347 139
347 140
347 141
347 142
347 143
347 144
347 145
348 145
348 146
348 147
348 148
349 148
349 149
349 150
349 151
349 152
349 153
349 154
349 155
350 155
350 156
351 156
351 157
352 157
352 158
353 158
353 159
354 159
355 159
356 159
357 159
358 159
359 159
360 159
361 159
362 159
363 159
364 159
365 159
366 159
367 159
368 159
368 160
369 160
370 160
371 160
372 160
373 160
373 161
374 161
375 161
376 161
377 161
378 161
379 161
380 161
381 161
382 161
382 162
383 162
383 163
384 163
384 164
385 164
385 165
386 165
386 166
387 166
387 167
388 167
388 168
389 168
389 169
390 169
390 170
391 170
391 171
392 171
392 172
393 172
393 173
394 173
394 174
395 174
395 175
396 175
396 176
397 176
397 177
398 177
398 178
399 178
