187 285
187 284
187 283
187 282
187 281
187 280
187 279
187 278
187 277
187 276
187 275
187 274
187 273
187 272
187 271
187 270
186 270
185 270
184 270
183 270
182 270
181 270
180 270
179 270
178 270
177 270
176 270
175 270
174 270
173 270
172 270
171 270
170 270
169 270
168 270
167 270
166 270
165 270
164 270
163 270
162 270
161 270
160 270
159 270
158 270
157 270
156 270
155 270
154 270
153 270
152 270
151 270
150 270
149 270
148 270
147 270
146 270
145 270
144 270
143 270
142 270
141 270
140 270
139 270
138 270
137 270
136 270
135 270
134 270
133 270
132 270
131 270
130 270
129 270
128 270
127 270
126 270
125 270
124 270
123 270
122 270
121 270
120 270
119 270
118 270
117 270
116 270
115 270
114 270
113 270
112 270
111 270
110 270
109 270
108 270
107 270
106 270
105 270
104 270
103 270
102 270
101 270
100 270
99 270
98 270
97 270
96 270
95 270
94 270
93 270
92 270
91 270
90 270
89 270
88 270
87 270
86 270
85 270
84 270
83 270
82 270
81 270
80 270
79 270
78 270
77 270
76 270
75 270
74 270
73 270
72 270
71 270
70 270
69 270
68 270
68 269
67 269
66 269
66 268
65 268
64 268
64 267
64 266
63 266
63 265
63 264
62 264
62 263
62 262
62 261
62 260
62 259
62 258
62 257
62 256
62 255
62 254
62 253
62 252
62 251
62 250
62 249
62 248
62 247
62 246
62 245
62 244
62 243
62 242
62 241
62 240
62 239
62 238
62 237
62 236
62 235
62 234
62 233
62 232
62 231
61 231
60 231
59 231
58 231
57 231
56 231
55 231
54 231
53 231
52 231
51 231
50 231
49 231
48 231
47 231
46 231
45 231
44 231
43 231
42 231
41 231
41 230
40 230
40 229
39 229
39 228
39 227
39 226
39 225
39 224
39 223
40 223
40 222
41 222
41 221
41 220
41 219
41 218
41 217
41 216
41 215
41 214
41 213
41 212
41 211
41 210
41 209
41 208
41 207
42 207
42 206
43 206
43 205
44 205
45 205
46 205
47 205
48 205
49 205
50 205
51 205
52 205
53 205
54 205
55 205
56 205
57 205
58 205
59 205
60 205
61 205
62 205
63 205
64 205
65 205
66 205
67 205
68 205
68 204
69 204
70 204
70 203
70 202
71 202
72 202
72 201
72 200
73 200
74 200
74 199
74 198
75 198
76 198
76 197
76 196
77 196
78 196
78 195
79 195
79 194
79 193
80 193
80 192
81 192
82 192
82 191
82 190
83 190
84 190
84 189
84 188
85 188
86 188
86 187
86 186
87 186
87 185
88 185
88 184
89 184
90 184
90 183
90 182
91 182
92 182
92 181
92 180
93 180
94 180
94 179
94 178
95 178
96 178
96 177
