107 117
107 118
107 119
107 120
107 121
107 122
107 123
107 124
107 125
107 126
107 127
107 128
107 129
107 130
107 131
107 132
107 133
107 134
107 135
107 136
107 137
107 138
107 139
107 140
107 141
107 142
107 143
107 144
107 145
107 146
107 147
107 148
107 149
107 150
107 151
107 152
107 153
107 154
107 155
107 156
107 157
107 158
107 159
107 160
107 161
107 162
107 163
107 164
107 165
106 165
106 166
106 167
106 168
106 169
106 170
106 171
106 172
106 173
106 174
106 175
106 176
106 177
106 178
106 179
106 180
106 181
106 182
106 183
106 184
106 185
106 186
106 187
106 188
106 189
106 190
106 191
106 192
106 193
106 194
106 195
106 196
106 197
106 198
106 199
106 200
106 201
106 202
106 203
106 204
106 205
106 206
106 207
106 208
105 208
105 209
104 209
104 210
103 210
102 210
101 210
100 210
99 210
99 211
98 211
97 211
96 211
95 211
94 211
94 212
93 212
93 213
92 213
91 213
90 213
89 213
88 213
87 213
86 213
85 213
85 214
84 214
84 215
83 215
82 215
81 215
80 215
79 215
78 215
77 215
76 215
75 215
74 215
73 215
72 215
71 215
70 215
69 215
68 215
67 215
66 215
65 215
64 215
63 215
62 215
61 215
60 215
59 215
58 215
57 215
56 215
55 215
54 215
53 215
52 215
51 215
50 215
49 215
48 215
47 215
46 215
45 215
44 215
43 215
43 214
42 214
42 213
41 213
41 212
41 211
41 210
41 209
41 208
41 207
42 207
42 206
43 206
43 205
44 205
45 205
46 205
47 205
48 205
49 205
50 205
51 205
52 205
53 205
54 205
55 205
56 205
57 205
58 205
59 205
60 205
61 205
62 205
63 205
64 205
65 205
66 205
67 205
67 204
68 204
69 204
69 203
69 202
70 202
71 202
71 201
