108 310
108 309
108 308
108 307
108 306
108 305
108 304
108 303
108 302
108 301
108 300
108 299
108 298
108 297
108 296
108 295
108 294
108 293
108 292
108 291
108 290
108 289
108 288
108 287
108 286
108 285
108 284
108 283
108 282
108 281
108 280
108 279
108 278
108 277
108 276
108 275
108 274
108 273
108 272
108 271
108 270
107 270
106 270
105 270
104 270
103 270
102 270
101 270
100 270
99 270
98 270
97 270
96 270
95 270
94 270
93 270
92 270
91 270
90 270
89 270
88 270
87 270
86 270
85 270
84 270
83 270
82 270
81 270
80 270
79 270
78 270
77 270
76 270
75 270
74 270
73 270
72 270
71 270
70 270
69 270
68 270
68 269
67 269
66 269
66 268
65 268
64 268
64 267
64 266
63 266
63 265
63 264
62 264
62 263
62 262
62 261
62 260
63 260
63 259
63 258
64 258
64 257
64 256
65 256
66 256
66 255
67 255
68 255
68 254
69 254
70 254
71 254
72 254
73 254
74 254
75 254
76 254
77 254
78 254
79 254
80 254
81 254
82 254
83 254
83 253
84 253
85 253
86 253
87 253
88 253
89 253
90 253
91 253
92 253
93 253
94 253
95 253
96 253
97 253
98 253
99 253
100 253
101 253
102 253
103 253
104 253
105 253
105 252
106 252
107 252
108 252
109 252
110 252
111 252
112 252
113 252
114 252
115 252
116 252
117 252
118 252
119 252
120 252
121 252
122 252
123 252
124 252
125 252
126 252
127 252
128 252
129 252
130 252
131 252
132 252
133 252
134 252
135 252
136 252
137 252
138 252
139 252
140 252
141 252
141 251
142 251
143 251
144 251
145 251
146 251
147 251
147 250
148 250
149 250
150 250
151 250
152 250
152 249
153 249
154 249
154 248
154 247
155 247
156 247
156 246
156 245
157 245
158 245
158 244
158 243
159 243
160 243
160 242
160 241
161 241
162 241
162 240
162 239
163 239
164 239
164 238
164 237
165 237
166 237
166 236
166 235
167 235
168 235
168 234
168 233
169 233
170 233
170 232
170 231
171 231
172 231
172 230
172 229
173 229
173 228
174 228
174 227
175 227
175 226
176 226
177 226
177 225
177 224
178 224
179 224
179 223
179 222
180 222
181 222
181 221
181 220
182 220
182 219
183 219
184 219
184 218
184 217
185 217
186 217
186 216
