53 133
54 134
55 135
56 136
57 137
58 138
59 139
60 140
61 141
62 142
63 143
64 144
65 145
66 146
67 147
68 148
69 149
70 150
70 151
70 152
70 153
70 154
70 155
70 156
70 157
70 158
70 159
70 160
70 161
70 162
70 163
70 164
70 165
70 166
70 167
70 168
70 169
70 170
70 171
70 172
70 173
70 174
70 175
70 176
70 177
70 178
70 179
70 180
70 181
70 182
70 183
70 184
70 185
70 186
70 187
70 188
70 189
70 190
70 191
70 192
70 193
70 194
70 195
70 196
70 197
70 198
70 199
70 200
70 201
70 202
70 203
70 204
70 205
69 205
68 205
67 205
66 205
65 205
64 205
63 205
62 205
61 205
60 205
59 205
58 205
57 205
56 205
55 205
54 205
53 205
52 205
51 205
50 205
49 205
48 205
47 205
46 205
45 205
44 205
43 205
43 206
42 206
42 207
41 207
41 208
41 209
41 210
41 211
41 212
41 213
41 214
41 215
41 216
41 217
41 218
41 219
41 220
41 221
41 222
40 222
40 223
39 223
39 224
39 225
39 226
39 227
39 228
39 229
40 229
40 230
41 230
41 231
42 231
43 231
44 231
45 231
46 231
47 231
48 231
49 231
50 231
51 231
52 231
53 231
54 231
55 231
56 231
57 231
58 231
59 231
60 231
61 231
62 231
62 232
62 233
62 234
62 235
62 236
62 237
62 238
62 239
62 240
62 241
62 242
62 243
62 244
62 245
62 246
62 247
62 248
62 249
62 250
62 251
62 252
62 253
62 254
62 255
62 256
62 257
62 258
62 259
62 260
62 261
62 262
62 263
62 264
63 264
63 265
63 266
64 266
64 267
64 268
65 268
66 268
66 269
67 269
68 269
68 270
69 270
70 270
71 270
72 270
73 270
74 270
75 270
76 270
77 270
78 270
79 270
80 270
81 270
82 270
83 270
84 270
85 270
86 270
87 270
88 270
89 270
90 270
91 270
92 270
93 270
94 270
95 270
96 270
97 270
98 270
99 270
100 270
101 270
102 270
103 270
104 270
105 270
106 270
107 270
108 270
109 270
110 270
111 270
112 270
113 270
114 270
115 270
116 270
117 270
118 270
119 270
120 270
121 270
122 270
123 270
124 270
125 270
126 270
127 270
128 270
129 270
130 270
131 270
132 270
133 270
134 270
135 270
136 270
137 270
138 270
139 270
140 270
141 270
142 270
143 270
144 270
145 270
146 270
147 270
148 270
149 270
150 270
151 270
152 270
153 270
154 270
155 270
156 270
157 270
158 270
159 270
160 270
161 270
162 270
163 270
164 270
165 270
166 270
167 270
168 270
169 270
170 270
171 270
172 270
173 270
174 270
175 270
176 270
177 270
178 270
179 270
180 270
181 270
182 270
183 270
184 270
185 270
186 270
187 270
188 270
189 270
190 270
191 270
192 270
193 270
194 270
195 270
196 270
197 270
198 270
199 270
200 270
201 270
202 270
203 270
204 270
205 270
206 270
207 270
208 270
209 270
210 270
211 270
212 270
213 270
214 270
215 270
216 270
217 270
218 270
219 270
220 270
221 270
222 270
223 270
224 270
225 270
226 270
227 270
228 270
229 270
230 270
231 270
232 270
233 270
234 270
235 270
236 270
237 270
238 270
239 270
240 270
241 270
242 270
243 270
244 270
245 270
246 270
247 270
248 270
249 270
250 270
251 270
252 270
253 270
254 270
255 270
256 270
257 270
258 270
259 270
260 270
261 270
262 270
263 270
264 270
265 270
266 270
267 270
268 270
269 270
270 270
271 270
272 270
273 270
274 270
275 270
276 270
277 270
278 270
279 270
280 270
281 270
282 270
283 270
284 270
285 270
286 270
287 270
288 270
289 270
290 270
291 270
292 270
293 270
294 270
295 270
296 270
297 270
298 270
299 270
300 270
301 270
302 270
303 270
304 270
305 270
306 270
307 270
308 270
309 270
310 270
311 270
312 270
313 270
314 270
315 270
316 270
317 270
318 270
319 270
320 270
321 270
322 270
323 270
324 270
325 270
326 270
327 270
328 270
329 270
330 270
330 271
331 271
331 272
332 272
332 273
333 273
333 274
334 274
334 275
335 275
335 276
336 276
336 277
337 277
337 278
338 278
338 279
339 279
339 280
340 280
340 281
341 281
341 282
342 282
342 283
343 283
343 284
344 284
344 285
345 285
345 286
346 286
346 287
347 287
347 288
348 288
348 289
349 289
349 290
350 290
350 291
351 291
351 292
352 292
352 293
353 293
353 294
354 294
354 295
355 295
355 296
356 296
356 297
357 297
357 298
358 298
358 299
359 299
359 300
360 300
360 301
361 301
361 302
362 302
362 303
363 303
363 304
364 304
364 305
365 305
365 306
366 306
366 307
367 307
367 308
368 308
368 309
369 309
369 310
370 310
370 311
371 311
371 312
372 312
372 313
373 313
373 314
374 314
374 315
375 315
375 316
376 316
376 317
376 318
376 319
376 320
376 321
376 322
377 322
377 323
377 324
378 324
378 325
378 326
379 326
380 326
380 327
381 327
382 327
382 328
383 328
384 328
385 328
386 328
387 328
388 328
388 329
389 329
389 330
390 330
390 331
391 331
391 332
392 332
392 333
393 333
393 334
394 334
394 335
395 335
395 336
396 336
396 337
397 337
397 338
398 338
398 339
399 339
399 340
400 340
400 341
401 341
401 342
402 342
402 343
403 343
403 344
404 344
