391 290
390 290
389 290
388 290
387 290
386 290
385 290
384 290
383 290
382 290
381 290
380 290
379 290
378 290
377 290
376 290
375 290
374 290
373 290
372 290
371 290
370 290
369 290
368 290
367 290
366 290
365 290
364 290
363 290
362 290
361 290
360 290
359 290
358 290
357 290
356 290
355 290
354 290
353 290
352 290
351 290
350 290
349 290
348 290
347 290
346 290
345 290
344 290
343 290
342 290
341 290
340 290
339 290
338 290
337 290
336 290
335 290
334 290
333 290
332 290
331 290
330 290
329 290
328 290
327 290
326 290
325 290
324 290
323 290
322 290
321 290
320 290
319 290
318 290
317 290
316 290
315 290
314 290
313 290
312 290
311 290
310 290
309 290
308 290
307 290
306 290
305 290
304 290
303 290
302 290
301 290
300 290
299 290
298 290
297 290
296 290
295 290
294 290
293 290
293 289
292 289
292 288
291 288
291 287
290 287
290 286
289 286
289 285
288 285
288 284
287 284
287 283
286 283
286 282
285 282
285 281
284 281
284 280
283 280
283 279
282 279
282 278
