124 294
125 294
126 294
127 294
128 294
129 294
130 294
131 294
132 294
133 294
134 294
135 294
136 294
137 294
138 294
139 294
140 294
141 294
142 294
143 294
144 294
145 294
146 294
147 294
148 294
149 294
150 294
151 294
152 294
153 294
154 294
155 294
156 294
157 294
158 294
159 294
160 294
161 294
162 294
163 294
164 294
165 294
166 294
167 294
168 294
169 294
170 294
171 294
172 294
173 294
174 294
175 294
176 294
177 294
178 294
179 294
180 294
181 294
182 294
183 294
184 293
185 292
186 291
187 290
188 289
189 288
190 287
191 286
192 285
193 284
194 283
195 282
196 281
197 280
198 279
199 278
200 277
201 276
202 275
203 274
204 273
205 272
206 271
207 270
208 269
209 268
210 267
211 267
212 267
213 267
214 266
215 266
216 265
217 264
217 263
218 262
219 261
220 260
221 259
222 258
223 257
224 256
225 255
226 254
227 253
228 252
229 251
230 250
231 249
232 248
233 247
234 246
235 245
236 244
237 243
238 242
239 241
240 240
241 239
242 238
243 237
244 236
245 235
246 234
247 233
248 232
249 231
250 230
251 229
252 228
253 227
254 226
255 225
256 224
257 223
258 222
259 221
260 220
261 219
262 218
263 217
264 216
265 215
266 214
267 213
268 212
269 211
270 210
271 209
272 208
273 207
274 206
275 205
276 204
277 203
278 202
279 201
280 200
281 199
282 198
283 197
283 196
283 195
283 194
283 193
283 192
283 191
283 190
283 189
283 188
283 187
283 186
283 185
283 184
283 183
283 182
283 181
283 180
283 179
283 178
283 177
283 176
283 175
283 174
283 173
283 172
283 171
283 170
283 169
283 168
283 167
283 166
283 165
283 164
283 163
283 162
283 161
283 160
283 159
283 158
283 157
283 156
283 155
283 154
283 153
283 152
283 151
284 150
284 149
285 148
286 147
287 147
288 146
289 146
290 145
291 145
292 145
293 145
294 145
295 145
296 145
297 145
298 145
299 145
300 145
301 145
302 145
303 145
304 145
305 145
306 145
307 145
308 145
309 145
310 145
311 145
312 145
313 145
314 145
315 145
316 145
317 145
318 145
319 145
320 145
321 145
322 145
323 145
324 145
325 145
326 145
327 145
328 144
329 144
330 143
331 143
332 143
333 142
334 142
335 141
336 141
337 140
338 140
339 139
340 138
341 138
