182 106
183 107
184 108
185 109
186 110
187 111
188 112
189 113
190 114
191 115
192 116
193 117
194 118
195 119
196 120
197 121
198 122
199 123
200 124
201 125
202 126
203 127
204 128
205 129
206 130
207 131
208 132
209 133
210 134
211 135
212 136
213 137
214 138
215 139
216 140
217 141
218 142
219 143
220 144
221 145
222 146
223 147
224 148
225 149
226 150
227 151
228 152
229 153
230 154
231 155
232 156
233 157
234 158
235 159
236 160
237 161
238 162
239 163
240 164
241 165
242 166
243 167
244 168
245 169
246 170
247 171
248 172
249 173
250 174
251 175
252 176
253 177
254 178
255 179
256 180
257 181
258 182
259 183
260 184
261 185
262 186
263 187
264 188
265 189
266 190
267 191
268 192
269 193
270 194
271 195
272 196
273 197
274 198
275 199
275 200
275 201
275 202
275 203
275 204
275 205
275 206
275 207
275 208
275 209
275 210
275 211
275 212
275 213
275 214
275 215
275 216
275 217
275 218
275 219
275 220
275 221
275 222
275 223
275 224
275 225
275 226
275 227
275 228
275 229
275 230
275 231
275 232
275 233
275 234
275 235
275 236
275 237
275 238
275 239
275 240
275 241
275 242
275 243
275 244
275 245
275 246
275 247
275 248
275 249
276 249
276 250
277 250
277 251
278 251
278 252
279 252
279 253
280 253
280 254
281 254
281 255
282 255
282 256
283 256
283 257
284 257
284 258
284 259
285 259
285 260
285 261
286 261
286 262
286 263
287 263
287 264
288 264
289 264
289 265
290 265
291 265
291 266
292 266
293 266
293 267
294 267
294 268
295 268
295 269
296 269
296 270
297 270
297 271
298 271
298 272
299 272
299 273
300 273
300 274
301 274
301 275
302 275
302 276
303 276
303 277
304 277
304 278
305 278
305 279
306 279
306 280
307 280
307 281
308 281
308 282
309 282
309 283
310 283
310 284
311 284
311 285
312 285
312 286
313 286
313 287
314 287
314 288
315 288
