223 86
224 87
225 88
226 89
227 90
228 91
229 92
230 93
231 94
232 95
233 96
234 97
235 98
236 99
237 100
238 101
239 102
240 103
241 104
242 105
243 106
244 107
245 108
246 109
247 110
248 111
249 112
250 113
251 114
252 115
253 116
254 117
255 118
256 119
257 120
258 121
259 122
260 123
261 124
262 125
263 126
264 127
265 128
266 129
267 130
268 131
269 132
270 133
271 134
272 135
273 136
274 137
275 138
276 139
277 140
278 141
279 142
280 143
281 144
282 145
283 146
283 147
283 148
283 149
283 150
283 151
283 152
283 153
283 154
283 155
283 156
283 157
283 158
283 159
283 160
283 161
283 162
283 163
283 164
283 165
283 166
283 167
283 168
283 169
283 170
283 171
283 172
283 173
283 174
283 175
283 176
283 177
283 178
283 179
283 180
283 181
283 182
283 183
283 184
283 185
283 186
283 187
283 188
283 189
283 190
283 191
283 192
283 193
283 194
283 195
283 196
283 197
283 198
283 199
283 200
283 201
283 202
283 203
283 204
283 205
283 206
284 206
284 207
284 208
284 209
284 210
284 211
284 212
284 213
284 214
284 215
284 216
284 217
284 218
284 219
284 220
284 221
284 222
284 223
284 224
284 225
284 226
284 227
284 228
284 229
284 230
284 231
284 232
284 233
284 234
284 235
284 236
284 237
284 238
284 239
284 240
284 241
284 242
284 243
284 244
284 245
284 246
284 247
284 248
284 249
284 250
284 251
284 252
284 253
284 254
284 255
284 256
284 257
284 258
284 259
285 259
285 260
285 261
286 261
286 262
286 263
287 263
287 264
288 264
289 264
289 265
290 265
291 265
291 266
292 266
293 266
294 266
295 266
296 266
297 266
298 266
299 266
300 266
301 266
302 266
303 266
304 266
305 266
306 266
307 266
308 266
309 266
310 266
311 266
312 266
313 266
314 266
315 266
316 266
317 266
318 266
319 266
320 266
321 266
322 266
323 266
324 266
325 266
326 266
327 266
328 266
329 266
330 266
331 266
332 266
333 266
334 266
335 266
336 266
337 266
338 266
339 266
340 266
341 266
342 266
343 266
344 266
345 266
346 266
347 266
348 266
349 266
350 266
351 266
352 266
353 266
354 266
355 266
356 266
357 266
358 266
359 266
360 266
361 266
362 266
363 266
364 266
365 266
366 266
367 266
368 266
369 266
370 266
371 266
372 266
373 266
374 266
375 266
376 266
377 266
378 266
379 266
380 266
381 266
382 266
383 266
384 266
385 266
386 266
387 266
388 266
389 266
390 266
390 267
391 267
392 267
393 267
394 267
395 267
396 267
397 267
398 267
399 267
400 267
401 267
402 267
403 267
404 267
405 267
406 267
407 267
408 267
409 267
410 267
411 267
412 267
413 267
414 267
415 267
416 267
417 267
418 267
419 267
420 267
421 267
422 267
423 267
424 267
425 267
426 267
427 267
428 267
429 267
430 267
431 267
432 267
433 267
434 267
435 267
435 268
436 268
436 269
437 269
437 270
438 270
438 271
439 271
439 272
440 272
440 273
441 273
441 274
442 274
442 275
443 275
443 276
444 276
444 277
445 277
445 278
446 278
446 279
447 279
447 280
448 280
448 281
449 281
449 282
450 282
450 283
451 283
451 284
452 284
452 285
453 285
453 286
454 286
454 287
455 287
455 288
456 288
456 289
457 289
457 290
458 290
458 291
459 291
459 292
460 292
460 293
461 293
