90 472
90 471
90 470
90 469
90 468
90 467
90 466
90 465
90 464
90 463
90 462
90 461
90 460
90 459
90 458
90 457
90 456
90 455
90 454
90 453
90 452
90 451
90 450
90 449
90 448
90 447
90 446
90 445
90 444
90 443
90 442
90 441
90 440
90 439
90 438
90 437
90 436
90 435
90 434
90 433
90 432
90 431
90 430
90 429
90 428
90 427
90 426
90 425
90 424
90 423
90 422
90 421
90 420
90 419
90 418
90 417
90 416
90 415
90 414
90 413
90 412
90 411
90 410
90 409
90 408
90 407
90 406
90 405
90 404
90 403
90 402
90 401
90 400
90 399
90 398
90 397
90 396
90 395
90 394
90 393
90 392
90 391
90 390
90 389
90 388
90 387
90 386
90 385
90 384
90 383
90 382
90 381
90 380
90 379
90 378
90 377
90 376
90 375
90 374
90 373
90 372
90 371
90 370
90 369
90 368
90 367
90 366
90 365
90 364
90 363
90 362
90 361
90 360
90 359
90 358
90 357
90 356
90 355
90 354
90 353
90 352
90 351
90 350
90 349
90 348
90 347
90 346
90 345
90 344
90 343
90 342
90 341
90 340
90 339
90 338
90 337
90 336
90 335
90 334
90 333
90 332
90 331
90 330
89 330
89 329
89 328
89 327
89 326
89 325
89 324
90 324
90 323
91 323
91 322
91 321
92 321
93 321
93 320
94 320
94 319
94 318
95 318
95 317
96 317
97 317
97 316
97 315
98 315
99 315
99 314
99 313
100 313
101 313
101 312
101 311
102 311
103 311
103 310
103 309
104 309
105 309
105 308
105 307
106 307
107 307
107 306
107 305
108 305
109 305
109 304
110 304
110 303
110 302
111 302
112 302
112 301
112 300
113 300
114 300
114 299
114 298
115 298
116 298
116 297
116 296
117 296
118 296
118 295
118 294
119 294
120 294
120 293
120 292
121 292
122 292
122 291
122 290
123 290
124 290
124 289
124 288
125 288
126 288
126 287
126 286
127 286
128 286
128 285
128 284
129 284
130 284
130 283
130 282
131 282
132 282
132 281
132 280
133 280
134 280
134 279
134 278
135 278
136 278
136 277
136 276
137 276
137 275
138 275
139 275
139 274
139 273
140 273
141 273
141 272
141 271
142 271
143 271
143 270
143 269
144 269
144 268
145 268
145 267
146 267
147 267
148 267
149 267
150 267
151 267
152 267
153 267
154 267
155 267
156 267
157 267
158 267
159 267
160 267
161 267
162 267
163 267
164 267
165 267
166 267
167 267
168 267
169 267
170 267
171 267
172 267
173 267
174 267
175 267
176 267
177 267
178 267
179 267
180 267
181 267
182 267
183 267
184 267
185 267
186 267
187 267
188 267
189 267
190 267
191 267
192 267
193 267
194 267
195 267
196 267
197 267
198 267
199 267
200 267
201 267
202 267
203 267
204 267
205 267
206 267
207 267
208 267
209 267
210 267
211 267
212 267
213 267
213 266
214 266
215 266
215 265
216 265
217 265
217 264
217 263
218 263
218 262
218 261
219 261
219 260
219 259
219 258
219 257
219 256
219 255
219 254
219 253
219 252
219 251
219 250
219 249
219 248
219 247
219 246
219 245
219 244
219 243
219 242
219 241
219 240
219 239
219 238
219 237
219 236
219 235
219 234
219 233
219 232
219 231
219 230
219 229
219 228
219 227
219 226
219 225
219 224
219 223
219 222
219 221
219 220
219 219
219 218
219 217
219 216
219 215
219 214
219 213
219 212
219 211
219 210
219 209
219 208
219 207
219 206
219 205
219 204
219 203
219 202
219 201
219 200
219 199
219 198
219 197
219 196
219 195
219 194
219 193
220 193
220 192
221 192
221 191
222 191
222 190
223 190
223 189
224 189
224 188
225 188
225 187
226 187
226 186
227 186
227 185
228 185
228 184
229 184
229 183
230 183
230 182
231 182
231 181
232 181
232 180
233 180
233 179
234 179
234 178
235 178
235 177
236 177
236 176
237 176
237 175
238 175
238 174
239 174
239 173
240 173
240 172
241 172
241 171
242 171
242 170
243 170
243 169
244 169
244 168
245 168
245 167
246 167
246 166
247 166
247 165
248 165
248 164
249 164
249 163
250 163
250 162
251 162
251 161
252 161
252 160
253 160
253 159
254 159
254 158
255 158
255 157
256 157
256 156
257 156
257 155
258 155
258 154
259 154
259 153
260 153
260 152
261 152
261 151
262 151
262 150
263 150
263 149
264 149
264 148
265 148
265 147
266 147
266 146
267 146
267 145
268 145
268 144
269 144
269 143
270 143
270 142
271 142
