93 371
93 370
93 369
93 368
93 367
93 366
93 365
93 364
93 363
93 362
93 361
93 360
93 359
93 358
93 357
93 356
93 355
93 354
93 353
93 352
93 351
93 350
93 349
93 348
93 347
93 346
93 345
93 344
93 343
93 342
93 341
93 340
93 339
93 338
93 337
93 336
93 335
93 334
92 334
91 334
91 333
91 332
90 332
90 331
90 330
89 330
89 329
89 328
89 327
89 326
89 325
89 324
89 323
89 322
89 321
89 320
89 319
89 318
89 317
89 316
89 315
89 314
89 313
89 312
89 311
89 310
89 309
89 308
89 307
89 306
89 305
89 304
89 303
89 302
89 301
89 300
89 299
89 298
89 297
89 296
89 295
89 294
89 293
89 292
89 291
89 290
89 289
89 288
89 287
89 286
89 285
89 284
89 283
89 282
89 281
89 280
89 279
89 278
89 277
89 276
89 275
89 274
89 273
89 272
89 271
89 270
89 269
90 269
91 269
92 269
93 269
94 269
95 269
96 269
97 269
98 269
99 269
100 269
101 269
102 269
103 269
104 269
105 269
106 269
107 269
107 268
108 268
109 268
110 268
111 268
112 268
113 268
114 268
115 268
116 268
117 268
118 268
119 268
120 268
121 268
122 268
123 268
124 268
125 268
126 268
127 268
128 268
129 268
130 268
131 268
132 268
133 268
134 268
135 268
136 268
137 268
138 268
139 268
140 268
141 268
142 268
143 268
144 268
144 267
145 267
146 267
147 267
148 267
149 267
150 267
151 267
152 267
153 267
154 267
155 267
156 267
157 267
158 267
159 267
160 267
161 267
162 267
163 267
164 267
165 267
166 267
167 267
168 267
169 267
170 267
171 267
172 267
173 267
174 267
175 267
176 267
177 267
178 267
179 267
180 267
181 267
182 267
183 267
184 267
185 267
186 267
187 267
188 267
189 267
190 267
191 267
192 267
193 267
194 267
195 267
196 267
197 267
198 267
199 267
200 267
201 267
202 267
203 267
204 267
205 267
206 267
207 267
208 267
209 267
210 267
211 267
212 267
213 267
213 266
214 266
215 266
215 265
216 265
217 265
217 264
217 263
218 263
218 262
218 261
219 261
219 260
219 259
219 258
219 257
219 256
219 255
219 254
219 253
219 252
219 251
219 250
219 249
219 248
219 247
219 246
219 245
219 244
219 243
219 242
219 241
219 240
219 239
219 238
219 237
219 236
219 235
219 234
219 233
219 232
219 231
219 230
219 229
219 228
219 227
219 226
219 225
219 224
219 223
219 222
219 221
219 220
219 219
219 218
219 217
219 216
219 215
219 214
219 213
219 212
219 211
219 210
219 209
219 208
219 207
219 206
219 205
219 204
219 203
219 202
219 201
219 200
219 199
219 198
219 197
219 196
219 195
219 194
219 193
219 192
219 191
219 190
219 189
219 188
219 187
219 186
219 185
219 184
219 183
219 182
219 181
219 180
219 179
219 178
219 177
219 176
219 175
219 174
219 173
219 172
219 171
219 170
219 169
219 168
219 167
219 166
219 165
219 164
219 163
219 162
219 161
219 160
219 159
219 158
219 157
219 156
219 155
219 154
219 153
219 152
219 151
219 150
219 149
219 148
219 147
219 146
219 145
219 144
219 143
219 142
219 141
219 140
219 139
219 138
219 137
219 136
219 135
219 134
219 133
219 132
219 131
219 130
219 129
219 128
219 127
219 126
219 125
219 124
219 123
219 122
219 121
219 120
219 119
219 118
219 117
219 116
219 115
219 114
219 113
219 112
219 111
219 110
219 109
219 108
219 107
219 106
219 105
219 104
219 103
219 102
219 101
219 100
219 99
219 98
219 97
219 96
219 95
219 94
219 93
219 92
219 91
219 90
219 89
219 88
219 87
219 86
219 85
219 84
219 83
219 82
219 81
