496 501
495 501
494 501
493 501
492 501
491 501
490 501
489 501
488 501
487 501
486 501
485 501
484 501
483 501
482 501
481 501
480 501
479 501
478 501
477 501
476 501
475 501
474 501
473 501
472 501
471 501
470 501
469 501
468 501
467 501
466 501
465 501
464 501
463 501
462 501
461 501
460 501
459 501
458 501
457 501
456 501
455 501
454 501
453 501
452 501
451 501
450 501
449 501
448 501
447 501
447 500
446 500
446 499
445 499
445 498
444 498
443 498
443 497
442 497
441 497
441 496
440 496
440 495
439 495
439 494
438 494
438 493
437 493
436 493
436 492
435 492
435 491
434 491
434 490
433 490
433 489
432 489
432 488
431 488
430 488
430 487
429 487
428 487
428 486
427 486
427 485
426 485
426 484
425 484
425 483
424 483
424 482
423 482
422 482
422 481
421 481
421 480
420 480
420 479
419 479
418 479
418 478
417 478
417 477
416 477
416 476
415 476
414 476
414 475
413 475
413 474
412 474
412 473
411 473
411 472
410 472
410 471
409 471
409 470
408 470
407 470
407 469
406 469
405 469
405 468
404 468
404 467
403 467
403 466
402 466
402 465
401 465
400 465
400 464
399 464
399 463
398 463
398 462
397 462
397 461
396 461
395 461
395 460
394 460
393 460
393 459
392 459
392 458
391 458
391 457
390 457
390 456
389 456
389 455
388 455
388 454
387 454
387 453
386 453
385 453
385 452
384 452
384 451
383 451
382 451
382 450
381 450
381 449
380 449
380 448
379 448
378 448
378 447
377 447
377 446
376 446
376 445
375 445
375 444
374 444
374 443
373 443
373 442
372 442
371 442
371 441
370 441
369 441
369 440
368 440
368 439
367 439
367 438
366 438
366 437
365 437
364 437
364 436
363 436
363 435
362 435
362 434
361 434
361 433
360 433
359 433
359 432
358 432
357 432
357 431
356 431
356 430
355 430
355 429
354 429
354 428
353 428
352 428
352 427
351 427
350 427
350 426
349 426
348 426
347 426
346 426
345 426
344 426
343 426
342 426
341 426
340 426
339 426
338 426
337 426
336 426
335 426
334 426
333 426
332 426
331 426
330 426
330 425
330 424
330 423
330 422
330 421
330 420
330 419
330 418
330 417
330 416
330 415
330 414
330 413
330 412
330 411
330 410
330 409
329 409
329 408
329 407
328 407
328 406
328 405
327 405
327 404
326 404
326 403
325 403
324 403
324 402
323 402
322 402
322 401
321 401
321 400
320 400
319 400
319 399
318 399
318 398
317 398
316 398
316 397
315 397
315 396
314 396
313 396
313 395
312 395
312 394
311 394
310 394
310 393
309 393
308 393
308 392
307 392
307 391
306 391
306 390
305 390
304 390
304 389
303 389
302 389
302 388
301 388
301 387
300 387
300 386
299 386
299 385
298 385
297 385
297 384
296 384
295 384
295 383
294 383
293 383
293 382
292 382
291 382
291 381
290 381
289 381
288 381
287 381
286 381
285 381
284 381
283 381
282 381
281 381
280 381
279 381
278 381
277 381
276 381
275 381
274 381
273 381
272 381
271 381
270 381
269 381
268 381
267 381
266 381
265 381
264 381
263 381
262 381
261 381
260 381
259 381
258 381
257 381
256 381
255 381
254 381
253 381
252 381
251 381
250 381
249 381
248 381
247 381
246 381
245 381
244 381
243 381
242 381
241 381
240 381
239 381
238 381
237 381
236 381
235 381
234 381
233 381
232 381
231 381
230 381
229 381
228 381
227 381
226 381
225 381
224 381
223 381
222 381
221 381
220 381
219 381
218 381
217 381
217 380
217 379
217 378
217 377
217 376
217 375
217 374
217 373
217 372
217 371
217 370
217 369
217 368
217 367
217 366
217 365
217 364
217 363
217 362
217 361
217 360
217 359
217 358
217 357
217 356
217 355
217 354
217 353
217 352
217 351
217 350
217 349
217 348
217 347
217 346
217 345
217 344
217 343
217 342
217 341
217 340
217 339
217 338
217 337
217 336
217 335
217 334
217 333
217 332
217 331
217 330
217 329
217 328
217 327
217 326
217 325
217 324
217 323
216 323
216 322
216 321
215 321
215 320
215 319
214 319
214 318
213 318
212 318
212 317
211 317
210 317
210 316
209 316
208 316
207 316
206 316
205 316
204 316
203 316
202 316
201 316
200 316
199 316
198 316
197 316
196 316
195 316
194 316
193 316
192 316
191 316
190 316
189 316
188 316
187 316
186 316
185 316
184 316
183 316
182 316
181 316
180 316
179 316
178 316
177 316
176 316
175 316
174 316
173 316
172 316
171 316
170 316
169 316
168 316
167 316
166 316
165 316
164 316
163 316
162 316
161 316
160 316
159 316
158 316
157 316
156 316
155 316
154 316
153 316
152 316
151 316
150 316
149 316
148 316
147 316
146 316
145 316
144 316
143 316
142 316
141 316
140 316
139 316
138 316
137 316
136 316
135 316
134 316
133 316
132 316
131 316
130 316
129 316
128 316
127 316
126 316
125 316
124 316
123 316
122 316
121 316
120 316
119 316
118 316
118 315
117 315
116 315
116 314
116 313
115 313
114 313
114 312
114 311
113 311
112 311
112 310
112 309
111 309
110 309
110 308
110 307
109 307
108 307
108 306
108 305
107 305
106 305
106 304
106 303
105 303
104 303
104 302
104 301
103 301
102 301
102 300
102 299
101 299
100 299
100 298
100 297
99 297
98 297
98 296
98 295
97 295
96 295
96 294
96 293
95 293
94 293
94 292
94 291
93 291
92 291
92 290
92 289
91 289
90 289
90 288
90 287
89 287
88 287
88 286
88 285
87 285
86 285
86 284
86 283
85 283
84 283
84 282
84 281
83 281
82 281
82 280
82 279
81 279
80 279
80 278
80 277
79 277
78 277
78 276
78 275
77 275
76 275
76 274
76 273
75 273
74 273
74 272
74 271
73 271
72 271
72 270
71 270
70 270
69 270
68 270
68 269
67 269
66 269
66 268
65 268
64 268
64 267
64 266
63 266
63 265
63 264
62 264
62 263
62 262
62 261
62 260
61 260
61 259
61 258
60 258
59 258
59 257
59 256
58 256
57 256
57 255
57 254
56 254
55 254
55 253
55 252
54 252
53 252
53 251
53 250
52 250
51 250
51 249
51 248
50 248
49 248
49 247
48 247
48 246
47 246
47 245
46 245
46 244
46 243
45 243
44 243
44 242
44 241
43 241
42 241
42 240
42 239
41 239
41 238
40 238
39 238
39 237
39 236
38 236
37 236
37 235
37 234
36 234
35 234
35 233
35 232
34 232
