7 282
8 283
9 283
10 283
11 283
12 283
13 283
14 283
15 283
16 283
17 283
18 283
19 283
20 283
21 283
22 283
23 283
24 283
25 283
26 283
27 283
28 283
29 283
30 283
31 283
32 283
33 283
34 283
35 283
36 283
37 283
38 283
39 283
40 283
41 283
42 283
43 283
44 283
45 283
46 283
47 283
48 283
49 283
50 283
51 283
52 283
53 283
54 283
55 283
56 283
57 283
58 283
59 283
60 283
61 283
62 283
63 283
64 283
65 283
66 283
67 283
68 283
69 283
70 283
71 283
72 283
73 283
74 283
75 283
76 283
77 283
78 283
79 283
80 283
81 283
82 283
83 283
84 283
85 283
86 283
87 283
88 283
89 283
90 283
91 283
92 283
93 283
94 283
95 283
96 283
97 283
98 283
99 283
100 283
101 283
102 283
103 283
104 283
105 283
106 283
107 283
108 283
109 283
110 283
111 283
112 283
113 283
114 283
115 283
116 283
117 283
118 283
119 283
120 283
121 283
122 283
123 283
124 283
125 283
126 283
127 283
128 283
129 283
130 283
131 283
132 283
133 283
134 283
135 283
136 283
137 283
138 283
139 283
140 283
141 283
142 283
143 283
144 283
145 283
146 283
147 283
148 283
149 283
150 283
151 283
152 283
153 283
154 283
155 283
156 283
157 283
158 283
159 283
160 283
161 283
162 283
163 283
164 283
165 283
166 283
167 283
168 283
169 283
170 283
171 283
172 283
173 283
174 283
175 283
176 283
177 283
178 283
179 283
180 283
181 283
182 283
183 283
184 283
185 283
186 283
187 283
188 283
189 283
190 283
191 283
192 283
193 283
194 283
195 283
196 283
197 283
198 283
199 283
200 283
201 283
202 283
203 283
204 283
205 283
206 283
207 283
208 283
209 283
210 283
211 283
212 283
213 283
214 283
215 283
216 283
217 283
218 283
219 283
220 283
221 283
222 283
223 283
224 283
225 283
226 283
227 283
228 283
229 283
230 283
231 283
232 283
233 283
234 283
235 283
236 283
237 283
238 283
239 283
240 283
241 283
242 283
243 283
244 283
245 283
246 283
247 283
248 283
249 283
249 284
250 284
251 284
251 285
251 286
252 286
253 286
253 287
253 288
254 288
255 288
255 289
255 290
256 290
257 290
257 291
257 292
258 292
259 292
259 293
259 294
260 294
261 294
261 295
261 296
262 296
263 296
263 297
263 298
264 298
265 298
265 299
265 300
266 300
267 300
267 301
267 302
268 302
269 302
269 303
269 304
270 304
271 304
271 305
271 306
272 306
273 306
273 307
273 308
274 308
275 308
275 309
275 310
276 310
277 310
277 311
277 312
278 312
279 312
279 313
279 314
280 314
281 314
281 315
281 316
282 316
283 316
283 317
283 318
284 318
285 318
285 319
285 320
286 320
287 320
287 321
287 322
288 322
289 322
289 323
290 323
290 324
290 325
291 325
291 326
292 326
292 327
293 327
293 328
294 328
294 329
295 329
295 330
296 330
296 331
297 331
297 332
298 332
299 332
299 333
300 333
300 334
301 334
301 335
302 335
302 336
303 336
303 337
304 337
304 338
305 338
305 339
306 339
306 340
306 341
307 341
307 342
308 342
308 343
309 343
309 344
310 344
310 345
311 345
311 346
312 346
313 346
313 347
314 347
314 348
315 348
315 349
315 350
316 350
316 351
317 351
317 352
318 352
318 353
319 353
319 354
320 354
320 355
321 355
321 356
322 356
322 357
323 357
324 357
324 358
325 358
325 359
326 359
326 360
327 360
327 361
328 361
328 362
329 362
329 363
330 363
330 364
330 365
331 365
331 366
332 366
333 366
333 367
334 367
334 368
335 368
335 369
336 369
336 370
337 370
337 371
338 371
338 372
339 372
339 373
340 373
340 374
340 375
341 375
341 376
342 376
342 377
343 377
343 378
344 378
344 379
345 379
345 380
346 380
346 381
347 381
347 382
348 382
349 382
349 383
350 383
350 384
350 385
351 385
351 386
352 386
352 387
353 387
353 388
354 388
355 388
355 389
356 389
356 390
356 391
357 391
357 392
358 392
358 393
359 393
360 393
360 394
361 394
361 395
362 395
362 396
362 397
363 397
364 397
364 398
364 399
365 399
366 399
366 400
366 401
367 401
368 401
368 402
369 402
369 403
369 404
370 404
370 405
371 405
371 406
372 406
373 406
373 407
374 407
374 408
374 409
375 409
375 410
376 410
377 410
377 411
377 412
378 412
379 412
379 413
380 413
380 414
380 415
381 415
382 415
382 416
382 417
383 417
383 418
384 418
384 419
385 419
385 420
386 420
386 421
387 421
388 421
388 422
389 422
389 423
390 423
390 424
391 424
391 425
392 425
392 426
393 426
393 427
394 427
394 428
394 429
395 429
395 430
396 430
397 430
397 431
398 431
398 432
399 432
399 433
400 433
400 434
401 434
401 435
402 435
402 436
403 436
403 437
404 437
404 438
405 438
405 439
405 440
406 440
406 441
407 441
407 442
408 442
408 443
409 443
409 444
410 444
410 445
411 445
411 446
412 446
412 447
413 447
413 448
414 448
415 448
415 449
416 449
416 450
417 450
417 451
417 452
418 452
418 453
419 453
419 454
420 454
420 455
421 455
421 456
422 456
422 457
423 457
424 457
424 458
425 458
425 459
426 459
426 460
427 460
427 461
428 461
428 462
429 462
429 463
430 463
430 464
431 464
431 465
432 465
432 466
432 467
433 467
433 468
434 468
