11 151
12 152
13 153
14 154
15 155
16 156
17 157
18 158
19 159
20 160
21 161
22 162
23 163
24 164
25 165
26 166
27 167
28 168
29 169
30 170
31 171
32 172
33 173
34 174
35 175
36 176
37 177
38 178
39 179
39 180
39 181
39 182
39 183
39 184
39 185
39 186
39 187
39 188
39 189
39 190
39 191
39 192
39 193
39 194
39 195
39 196
39 197
39 198
39 199
39 200
39 201
39 202
39 203
39 204
39 205
39 206
39 207
39 208
39 209
39 210
39 211
39 212
39 213
39 214
39 215
39 216
39 217
39 218
39 219
39 220
39 221
39 222
39 223
39 224
39 225
39 226
39 227
39 228
39 229
40 229
40 230
41 230
41 231
42 231
43 231
44 231
45 231
46 231
47 231
48 231
49 231
50 231
51 231
52 231
53 231
54 231
55 231
56 231
57 231
58 231
59 231
60 231
61 231
62 231
62 232
62 233
62 234
62 235
62 236
62 237
62 238
62 239
62 240
62 241
62 242
62 243
62 244
62 245
62 246
62 247
62 248
62 249
62 250
62 251
62 252
62 253
62 254
62 255
62 256
62 257
62 258
62 259
62 260
62 261
62 262
62 263
62 264
63 264
63 265
63 266
64 266
64 267
64 268
65 268
66 268
66 269
67 269
68 269
68 270
69 270
70 270
71 270
72 270
73 270
74 270
75 270
76 270
77 270
78 270
79 270
80 270
81 270
82 270
83 270
84 270
85 270
86 270
87 270
88 270
89 270
90 270
91 270
92 270
93 270
94 270
95 270
96 270
97 270
98 270
99 270
100 270
101 270
102 270
103 270
104 270
105 270
106 270
107 270
108 270
109 270
110 270
111 270
112 270
113 270
114 270
115 270
116 270
117 270
118 270
119 270
120 270
121 270
122 270
123 270
124 270
125 270
126 270
127 270
128 270
129 270
130 270
131 270
132 270
133 270
134 270
135 270
136 270
137 270
138 270
139 270
140 270
141 270
142 270
143 270
144 270
145 270
146 270
147 270
148 270
149 270
150 270
151 270
152 270
153 270
154 270
155 270
155 271
156 271
157 271
157 272
157 273
158 273
159 273
159 274
159 275
160 275
161 275
161 276
161 277
162 277
163 277
163 278
163 279
164 279
165 279
165 280
165 281
166 281
167 281
167 282
