243 342
243 343
243 344
243 345
243 346
243 347
243 348
243 349
243 350
243 351
243 352
243 353
243 354
243 355
243 356
243 357
243 358
243 359
243 360
243 361
243 362
243 363
243 364
243 365
243 366
243 367
243 368
243 369
243 370
243 371
243 372
243 373
243 374
243 375
243 376
243 377
243 378
243 379
243 380
243 381
243 382
243 383
243 384
243 385
243 386
243 387
243 388
243 389
243 390
243 391
243 392
243 393
243 394
243 395
243 396
243 397
243 398
243 399
243 400
243 401
243 402
242 402
242 403
242 404
241 404
240 404
240 405
240 406
239 406
238 406
238 407
238 408
237 408
236 408
236 409
236 410
235 410
234 410
234 411
234 412
233 412
232 412
232 413
232 414
231 414
230 414
230 415
230 416
229 416
228 416
228 417
228 418
227 418
226 418
226 419
226 420
225 420
224 420
224 421
224 422
223 422
222 422
222 423
222 424
221 424
220 424
220 425
220 426
219 426
218 426
218 427
218 428
217 428
216 428
216 429
216 430
215 430
214 430
214 431
214 432
214 433
214 434
214 435
214 436
214 437
214 438
214 439
214 440
214 441
214 442
214 443
214 444
214 445
214 446
213 446
213 447
213 448
212 448
212 449
212 450
211 450
210 450
210 451
209 451
208 451
208 452
207 452
206 452
205 452
204 452
203 452
202 452
201 452
200 452
199 452
198 452
197 452
196 452
195 452
194 452
193 452
193 453
192 453
191 453
191 454
191 455
190 455
189 455
189 456
189 457
188 457
187 457
187 458
187 459
186 459
185 459
185 460
185 461
184 461
