423 167
423 168
423 169
423 170
423 171
423 172
423 173
423 174
423 175
423 176
423 177
423 178
423 179
423 180
423 181
423 182
423 183
423 184
423 185
423 186
423 187
423 188
423 189
423 190
423 191
423 192
423 193
423 194
423 195
423 196
423 197
423 198
423 199
423 200
423 201
423 202
423 203
423 204
423 205
423 206
423 207
423 208
423 209
423 210
423 211
423 212
423 213
423 214
423 215
423 216
423 217
423 218
423 219
423 220
423 221
423 222
423 223
423 224
423 225
423 226
423 227
423 228
423 229
423 230
423 231
423 232
423 233
423 234
423 235
423 236
423 237
423 238
423 239
423 240
423 241
423 242
423 243
422 243
421 243
420 243
419 243
418 243
417 243
416 243
415 243
414 243
413 243
412 243
411 243
410 243
409 243
408 243
407 243
406 243
405 243
404 243
403 243
402 243
401 243
400 243
399 243
399 244
398 244
397 244
396 244
395 244
394 244
393 244
392 244
391 244
390 244
389 244
388 244
387 244
386 244
385 244
384 244
383 244
383 245
382 245
381 245
381 246
380 246
379 246
379 247
379 248
378 248
378 249
378 250
377 250
377 251
377 252
377 253
377 254
378 254
378 255
378 256
379 256
379 257
379 258
380 258
380 259
381 259
382 259
383 259
383 260
384 260
385 260
386 260
387 260
388 260
389 260
390 260
391 260
392 260
393 260
394 260
395 260
396 260
397 260
398 260
399 260
400 260
401 260
402 260
403 260
404 260
405 260
406 260
407 260
408 260
409 260
410 260
411 260
412 260
413 260
414 260
415 260
416 260
417 260
418 260
419 260
420 260
421 260
422 260
423 260
424 260
425 260
426 260
427 260
428 260
429 260
430 260
431 260
432 260
433 260
434 260
435 260
436 260
437 260
438 260
439 260
440 260
441 260
441 261
442 261
442 262
443 262
443 263
444 263
444 264
445 264
445 265
446 265
446 266
447 266
447 267
448 267
448 268
449 268
