163 155
164 155
165 155
166 155
167 155
168 155
169 155
170 155
171 155
172 155
173 155
174 155
175 155
176 155
177 155
178 155
179 155
180 155
181 155
182 155
183 155
184 155
185 155
186 155
187 155
188 155
189 155
190 155
191 155
192 155
193 155
194 155
195 155
196 155
197 155
198 155
198 154
198 153
198 152
199 152
199 151
199 150
200 150
200 149
200 148
201 148
202 148
202 147
203 147
204 147
204 146
205 146
206 146
207 146
208 146
209 146
210 146
211 146
212 146
213 146
214 146
215 146
216 146
217 146
218 146
219 146
220 146
221 146
222 146
223 146
224 146
225 146
226 146
227 146
228 146
229 146
230 146
231 146
232 146
233 146
234 146
235 146
236 146
237 146
238 146
239 146
240 146
241 146
242 146
243 146
244 146
245 146
246 146
247 146
248 146
249 146
250 146
251 146
252 146
253 146
254 146
255 146
256 146
257 146
258 146
259 146
260 146
261 146
262 146
263 146
264 146
265 146
266 146
267 146
268 146
269 146
270 146
271 146
272 146
273 146
274 146
275 146
276 146
277 146
278 146
279 146
280 146
281 146
282 146
283 146
284 146
285 146
286 146
287 146
288 146
289 146
289 145
290 145
291 145
292 145
293 145
294 145
295 145
295 146
296 146
296 147
297 147
297 148
298 148
298 149
299 149
299 150
300 150
300 151
301 151
301 152
302 152
302 153
303 153
303 154
304 154
304 155
305 155
305 156
306 156
306 157
307 157
307 158
308 158
308 159
309 159
309 160
310 160
310 161
311 161
311 162
312 162
312 163
313 163
313 164
314 164
314 165
315 165
315 166
316 166
316 167
317 167
317 168
318 168
318 169
319 169
319 170
320 170
320 171
321 171
321 172
322 172
322 173
323 173
323 174
324 174
324 175
325 175
325 176
326 176
326 177
327 177
327 178
328 178
328 179
329 179
329 180
330 180
330 181
331 181
331 182
332 182
332 183
333 183
333 184
334 184
334 185
335 185
335 186
336 186
336 187
337 187
337 188
338 188
338 189
339 189
339 190
340 190
340 191
341 191
341 192
342 192
342 193
343 193
343 194
344 194
344 195
345 195
345 196
346 196
