300 306
299 306
298 306
297 306
296 306
295 306
294 306
293 306
292 306
291 306
290 306
289 306
288 306
287 306
286 306
285 306
284 306
283 306
282 306
281 306
280 306
279 306
278 306
277 306
276 306
275 306
274 306
273 306
272 306
271 306
270 306
269 306
268 306
267 306
266 306
265 306
264 306
263 306
262 306
261 306
260 306
259 306
258 306
257 306
256 306
255 306
254 306
253 306
252 306
251 306
250 306
249 306
248 306
247 306
246 306
245 306
244 306
243 306
242 306
241 306
240 306
239 306
238 306
237 306
236 306
235 306
234 306
233 306
232 306
231 306
230 306
229 306
228 306
227 306
226 306
225 306
224 306
223 306
222 306
221 306
220 306
219 306
218 306
217 306
216 306
215 306
214 306
213 306
212 306
211 306
210 306
209 306
208 306
207 306
206 306
205 306
204 306
203 306
202 306
201 306
200 306
199 306
198 306
197 306
196 306
195 306
194 306
193 306
192 306
191 306
190 306
189 306
188 306
187 306
186 306
185 306
184 306
183 306
182 306
181 306
180 306
179 306
178 306
177 306
176 306
175 306
174 306
173 306
172 306
171 306
170 306
169 306
168 306
167 306
166 306
165 306
164 306
163 306
162 306
161 306
160 306
159 306
158 306
157 306
156 306
155 306
154 306
153 306
152 306
151 306
150 306
149 306
148 306
147 306
146 306
145 306
144 306
143 306
142 305
141 305
140 305
139 304
138 304
137 303
136 303
135 302
134 302
133 301
132 301
131 300
130 300
129 300
128 299
127 299
126 298
125 298
124 297
123 297
122 296
121 296
120 295
119 295
118 294
117 294
116 294
115 293
114 293
113 292
112 292
111 291
110 291
109 290
108 290
107 289
106 289
105 289
104 288
103 288
102 287
101 287
100 286
99 286
98 285
97 285
96 284
95 284
94 284
93 283
92 283
91 282
90 282
89 281
88 281
87 280
86 280
85 279
84 279
83 279
82 278
81 278
80 277
79 277
78 276
77 276
76 275
75 275
74 274
73 274
72 274
71 273
70 273
69 272
68 272
67 271
66 271
65 270
64 270
63 269
62 269
61 269
60 268
59 268
58 267
57 267
56 266
55 266
54 265
53 265
52 264
51 264
50 264
49 263
48 263
47 262
46 262
45 261
44 261
43 260
42 259
41 259
