31 392
32 393
33 394
34 395
35 396
36 397
37 398
38 399
39 400
40 401
41 402
42 403
43 404
44 405
45 406
46 406
47 406
48 406
49 406
50 406
51 406
52 406
53 406
54 406
55 406
56 406
57 406
58 406
59 406
60 406
61 406
62 406
63 406
64 406
65 406
66 406
67 406
68 406
69 406
70 406
71 406
72 406
73 406
74 406
75 406
76 406
77 406
78 406
79 406
80 406
81 406
82 406
83 406
84 406
85 406
86 406
87 406
88 406
89 406
90 406
91 406
92 406
93 406
94 406
95 406
96 406
97 406
98 406
99 406
100 406
101 406
102 406
103 406
104 406
105 406
106 406
107 406
108 406
109 406
110 406
111 406
112 406
113 406
114 406
115 406
116 406
116 407
117 407
118 407
118 408
118 409
119 409
120 409
120 410
120 411
121 411
122 411
122 412
122 413
123 413
124 413
124 414
124 415
125 415
126 415
126 416
126 417
127 417
128 417
128 418
128 419
129 419
130 419
130 420
130 421
131 421
132 421
132 422
132 423
133 423
134 423
134 424
135 424
135 425
136 425
136 426
137 426
137 427
138 427
138 428
138 429
139 429
140 429
140 430
140 431
141 431
141 432
142 432
143 432
143 433
144 433
144 434
144 435
145 435
146 435
146 436
146 437
147 437
148 437
148 438
148 439
149 439
150 439
150 440
150 441
151 441
152 441
152 442
152 443
153 443
154 443
154 444
154 445
155 445
155 446
156 446
157 446
157 447
157 448
158 448
159 448
159 449
160 449
160 450
160 451
161 451
162 451
162 452
162 453
163 453
164 453
164 454
164 455
165 455
166 455
166 456
166 457
167 457
168 457
168 458
168 459
169 459
170 459
170 460
170 461
171 461
172 461
172 462
172 463
173 463
174 463
174 464
