347 235
346 235
345 235
345 236
345 237
345 238
345 239
345 240
345 241
345 242
345 243
345 244
345 245
345 246
345 247
345 248
345 249
345 250
345 251
345 252
345 253
345 254
345 255
345 256
345 257
344 257
344 258
344 259
343 259
343 260
343 261
342 261
341 261
341 262
340 262
339 262
339 263
338 263
337 263
336 263
335 263
334 263
333 263
332 263
332 264
331 264
330 264
329 264
328 264
327 264
326 264
325 264
324 264
323 264
322 264
321 264
320 264
319 264
318 264
317 264
317 265
316 265
315 265
314 265
313 265
312 265
311 265
310 265
309 265
308 265
307 265
306 265
305 265
304 265
303 265
302 265
301 265
301 266
300 266
299 266
298 266
297 266
296 266
295 266
294 266
293 266
292 266
291 266
290 266
289 266
288 266
287 266
286 266
285 266
284 266
283 266
282 266
281 266
280 266
279 266
278 266
277 266
276 266
275 266
274 266
273 266
272 266
271 266
270 266
269 266
268 266
267 266
266 266
265 266
264 266
263 266
262 266
261 266
260 266
259 266
258 266
257 266
256 266
255 266
254 266
253 266
252 266
251 266
250 266
249 266
248 266
247 266
246 266
245 266
244 266
243 266
242 266
241 266
240 266
239 266
238 266
237 266
236 266
235 266
234 266
233 266
232 266
231 266
230 266
229 266
228 266
227 266
226 266
225 266
224 266
223 266
222 266
221 266
220 266
219 266
218 266
217 266
216 266
215 266
214 266
213 266
213 267
212 267
211 267
210 267
209 267
208 267
207 267
206 267
205 267
204 267
203 267
202 267
201 267
200 267
199 267
198 267
197 267
196 267
195 267
194 267
193 267
192 267
191 267
190 267
189 267
189 268
188 268
187 268
187 269
187 270
186 270
185 270
185 271
185 272
184 272
183 272
183 273
183 274
182 274
181 274
181 275
181 276
180 276
179 276
179 277
179 278
178 278
177 278
177 279
177 280
176 280
175 280
175 281
175 282
174 282
173 282
173 283
173 284
172 284
171 284
171 285
171 286
170 286
169 286
169 287
169 288
168 288
167 288
167 289
167 290
166 290
165 290
165 291
165 292
164 292
163 292
163 293
163 294
162 294
161 294
161 295
161 296
160 296
159 296
159 297
159 298
158 298
157 298
157 299
157 300
156 300
155 300
155 301
155 302
154 302
153 302
153 303
153 304
152 304
151 304
151 305
151 306
150 306
149 306
149 307
149 308
148 308
147 308
147 309
147 310
146 310
145 310
145 311
145 312
144 312
144 313
143 313
142 313
142 314
