263 6
264 7
265 8
266 9
267 10
268 11
269 12
270 13
271 14
272 15
273 16
274 17
275 18
276 19
277 20
278 21
279 22
280 23
281 24
282 25
283 26
284 27
284 28
284 29
284 30
284 31
284 32
284 33
284 34
284 35
284 36
284 37
284 38
284 39
284 40
284 41
284 42
284 43
284 44
284 45
284 46
284 47
284 48
284 49
284 50
284 51
284 52
284 53
284 54
284 55
284 56
284 57
284 58
284 59
284 60
284 61
284 62
284 63
284 64
284 65
284 66
284 67
284 68
284 69
284 70
284 71
284 72
284 73
284 74
284 75
284 76
284 77
284 78
284 79
284 80
284 81
284 82
284 83
284 84
284 85
284 86
284 87
284 88
284 89
284 90
284 91
284 92
284 93
284 94
284 95
284 96
284 97
284 98
284 99
284 100
284 101
284 102
284 103
284 104
284 105
284 106
284 107
284 108
284 109
284 110
284 111
284 112
284 113
284 114
284 115
284 116
284 117
284 118
284 119
284 120
285 120
285 121
285 122
286 122
286 123
286 124
287 124
288 124
288 125
289 125
290 125
290 126
291 126
292 126
293 126
294 126
295 126
296 126
297 126
298 126
299 126
300 126
301 126
302 126
303 126
304 126
305 126
306 126
307 126
308 126
309 126
310 126
311 126
312 126
313 126
314 126
315 126
316 126
317 126
318 126
319 126
320 126
321 126
322 126
323 126
324 126
325 126
326 126
327 126
328 126
329 126
330 126
331 126
332 126
333 126
334 126
335 126
336 126
337 126
338 126
339 126
340 126
341 126
342 126
343 126
344 126
345 126
345 127
346 127
346 128
346 129
346 130
346 131
346 132
346 133
346 134
347 134
347 135
347 136
347 137
347 138
347 139
347 140
347 141
347 142
347 143
347 144
347 145
348 145
348 146
348 147
348 148
349 148
349 149
349 150
349 151
349 152
349 153
349 154
349 155
350 155
350 156
351 156
351 157
352 157
352 158
353 158
353 159
354 159
355 159
356 159
357 159
358 159
359 159
360 159
361 159
362 159
363 159
364 159
365 159
366 159
367 159
368 159
368 160
369 160
370 160
371 160
372 160
373 160
373 161
374 161
375 161
376 161
377 161
378 161
379 161
380 161
381 161
382 161
383 161
384 161
385 161
386 161
387 161
388 161
389 161
390 161
391 161
392 161
393 161
394 161
395 161
396 161
397 161
398 161
399 161
400 161
401 161
402 161
403 161
404 161
405 161
406 161
407 161
408 161
409 161
410 161
411 161
412 161
413 161
414 161
415 161
416 161
417 161
418 161
419 161
420 161
421 161
422 161
423 161
424 161
425 161
426 161
427 161
428 161
429 161
430 161
431 161
432 161
433 161
434 161
435 161
436 161
437 161
438 161
439 161
440 161
441 161
442 161
443 161
444 161
445 161
446 161
446 162
447 162
447 163
448 163
449 163
450 163
451 163
452 163
453 163
453 164
454 164
455 164
456 164
456 165
457 165
457 166
458 166
458 167
459 167
459 168
460 168
460 169
461 169
461 170
462 170
462 171
463 171
463 172
464 172
464 173
465 173
465 174
466 174
466 175
467 175
467 176
468 176
468 177
469 177
469 178
470 178
470 179
471 179
471 180
472 180
472 181
473 181
473 182
474 182
474 183
475 183
475 184
476 184
476 185
477 185
477 186
478 186
478 187
479 187
479 188
480 188
480 189
481 189
481 190
482 190
482 191
483 191
483 192
484 192
484 193
485 193
485 194
486 194
486 195
487 195
487 196
488 196
488 197
489 197
489 198
490 198
490 199
491 199
