273 83
273 84
273 85
273 86
273 87
273 88
273 89
273 90
273 91
273 92
273 93
273 94
273 95
273 96
273 97
273 98
273 99
273 100
273 101
273 102
273 103
273 104
273 105
273 106
273 107
273 108
273 109
273 110
273 111
273 112
273 113
273 114
273 115
273 116
273 117
273 118
273 119
273 120
273 121
273 122
273 123
273 124
273 125
273 126
273 127
273 128
273 129
273 130
273 131
273 132
273 133
273 134
273 135
273 136
273 137
273 138
273 139
273 140
273 141
273 142
273 143
273 144
273 145
273 146
273 147
273 148
273 149
273 150
273 151
273 152
273 153
273 154
273 155
273 156
273 157
273 158
273 159
273 160
273 161
273 162
273 163
273 164
273 165
273 166
273 167
273 168
273 169
273 170
273 171
273 172
273 173
273 174
273 175
273 176
273 177
273 178
273 179
273 180
273 181
273 182
273 183
273 184
273 185
273 186
273 187
273 188
273 189
273 190
273 191
273 192
273 193
273 194
273 195
273 196
273 197
273 198
273 199
273 200
273 201
273 202
273 203
273 204
273 205
273 206
273 207
273 208
273 209
273 210
273 211
273 212
273 213
273 214
273 215
273 216
273 217
273 218
273 219
273 220
273 221
273 222
273 223
273 224
273 225
273 226
273 227
273 228
273 229
273 230
273 231
273 232
273 233
273 234
273 235
273 236
273 237
273 238
273 239
273 240
273 241
272 241
272 242
271 242
271 243
270 243
270 244
269 244
269 245
268 245
268 246
267 246
267 247
266 247
266 248
265 248
265 249
264 249
264 250
263 250
263 251
262 251
262 252
261 252
261 253
260 253
260 254
259 254
259 255
258 255
258 256
257 256
257 257
256 257
256 258
256 259
255 259
254 259
254 260
254 261
253 261
252 261
252 262
252 263
251 263
250 263
250 264
250 265
249 265
248 265
248 266
248 267
247 267
246 267
246 268
246 269
245 269
244 269
244 270
244 271
243 271
242 271
242 272
242 273
241 273
240 273
240 274
240 275
239 275
238 275
238 276
238 277
237 277
236 277
236 278
236 279
235 279
234 279
234 280
234 281
233 281
232 281
232 282
232 283
231 283
230 283
230 284
230 285
229 285
228 285
228 286
228 287
227 287
226 287
226 288
226 289
225 289
224 289
224 290
224 291
223 291
222 291
222 292
222 293
221 293
220 293
220 294
220 295
219 295
219 296
218 296
217 296
217 297
217 298
216 298
215 298
215 299
214 299
214 300
214 301
213 301
213 302
212 302
211 302
211 303
211 304
210 304
209 304
209 305
209 306
208 306
207 306
207 307
207 308
206 308
205 308
205 309
205 310
204 310
203 310
203 311
203 312
202 312
201 312
201 313
201 314
200 314
199 314
199 315
199 316
198 316
197 316
196 316
195 316
194 316
193 316
193 317
192 317
191 317
190 317
189 317
188 317
187 317
186 317
185 317
184 317
183 317
182 317
181 317
180 317
179 317
178 317
177 317
176 317
175 317
174 317
173 317
172 317
171 317
170 317
169 317
168 317
167 317
166 317
165 317
165 318
164 318
163 318
162 318
161 318
160 318
159 318
158 318
157 318
156 318
155 318
154 318
153 318
152 318
151 318
150 318
149 318
148 318
147 318
146 318
145 318
144 318
143 318
142 318
141 318
140 318
139 318
138 318
137 318
137 319
136 319
135 319
134 319
133 319
132 319
131 319
130 319
129 319
128 319
127 319
126 319
125 319
124 319
123 319
122 319
121 319
120 319
119 319
118 319
117 319
116 319
115 319
114 319
113 319
112 319
111 319
110 319
109 319
109 320
108 320
107 320
106 320
105 320
104 320
103 320
102 320
101 320
100 320
99 320
98 320
97 320
96 320
95 320
95 321
94 321
93 321
93 322
92 322
91 322
91 323
91 324
90 324
90 325
90 326
89 326
89 327
89 328
89 329
89 330
89 331
89 332
89 333
89 334
89 335
89 336
89 337
89 338
89 339
89 340
89 341
89 342
89 343
89 344
89 345
89 346
89 347
89 348
89 349
89 350
89 351
89 352
89 353
89 354
89 355
89 356
89 357
89 358
89 359
89 360
89 361
89 362
89 363
89 364
89 365
89 366
89 367
89 368
89 369
89 370
89 371
89 372
89 373
89 374
89 375
89 376
89 377
89 378
89 379
89 380
89 381
89 382
89 383
89 384
89 385
89 386
89 387
89 388
89 389
89 390
89 391
89 392
89 393
89 394
89 395
89 396
89 397
89 398
89 399
89 400
89 401
89 402
89 403
89 404
89 405
89 406
89 407
89 408
89 409
89 410
89 411
89 412
89 413
89 414
89 415
89 416
89 417
89 418
89 419
89 420
89 421
89 422
89 423
89 424
89 425
88 425
88 426
88 427
87 427
86 427
86 428
86 429
85 429
84 429
84 430
84 431
83 431
82 431
82 432
82 433
81 433
80 433
80 434
80 435
79 435
