237 425
237 424
237 423
237 422
237 421
237 420
237 419
237 418
237 417
237 416
237 415
237 414
237 413
237 412
237 411
237 410
237 409
237 408
237 407
237 406
237 405
237 404
237 403
237 402
237 401
237 400
237 399
237 398
237 397
237 396
237 395
237 394
237 393
237 392
237 391
237 390
237 389
237 388
237 387
237 386
237 385
237 384
237 383
237 382
237 381
237 380
237 379
237 378
237 377
237 376
237 375
237 374
237 373
237 372
237 371
237 370
237 369
237 368
237 367
237 366
237 365
237 364
237 363
237 362
237 361
237 360
237 359
237 358
237 357
237 356
237 355
237 354
237 353
237 352
237 351
237 350
237 349
237 348
237 347
237 346
237 345
237 344
237 343
237 342
237 341
237 340
237 339
237 338
237 337
237 336
237 335
237 334
237 333
237 332
237 331
237 330
237 329
237 328
237 327
237 326
237 325
237 324
237 323
237 322
237 321
237 320
237 319
237 318
237 317
237 316
237 315
237 314
237 313
237 312
237 311
237 310
237 309
237 308
237 307
237 306
237 305
237 304
237 303
237 302
237 301
237 300
237 299
237 298
237 297
237 296
237 295
237 294
237 293
237 292
237 291
237 290
237 289
237 288
237 287
237 286
237 285
237 284
237 283
237 282
237 281
237 280
237 279
237 278
237 277
237 276
237 275
237 274
237 273
237 272
237 271
237 270
237 269
237 268
237 267
237 266
237 265
237 264
237 263
237 262
237 261
237 260
237 259
237 258
237 257
237 256
237 255
237 254
237 253
237 252
237 251
237 250
237 249
237 248
237 247
237 246
237 245
237 244
237 243
237 242
237 241
237 240
237 239
237 238
237 237
237 236
237 235
237 234
237 233
237 232
237 231
237 230
237 229
236 229
236 228
235 228
235 227
234 227
234 226
233 226
233 225
232 225
232 224
231 224
231 223
230 223
230 222
229 222
229 221
228 221
228 220
227 220
227 219
226 219
226 218
225 218
225 217
224 217
224 216
223 216
223 215
222 215
222 214
221 214
221 213
220 213
220 212
219 212
219 211
218 211
218 210
219 210
219 209
219 208
219 207
219 206
219 205
219 204
219 203
219 202
219 201
219 200
219 199
219 198
219 197
219 196
219 195
219 194
219 193
219 192
219 191
219 190
219 189
219 188
219 187
219 186
219 185
219 184
219 183
219 182
219 181
219 180
219 179
219 178
219 177
219 176
219 175
219 174
218 174
218 173
218 172
218 171
218 170
218 169
218 168
218 167
217 167
217 166
217 165
216 165
216 164
216 163
216 162
216 161
216 160
215 160
215 159
215 158
215 157
215 156
214 156
214 155
214 154
214 153
214 152
213 152
213 151
213 150
212 150
212 149
212 148
211 148
210 148
210 147
209 147
208 147
208 146
207 146
206 146
205 146
204 146
203 146
202 146
201 146
200 146
199 146
198 146
197 146
196 146
195 146
194 146
193 146
192 146
191 146
190 146
189 146
188 146
187 146
186 146
185 146
184 146
183 146
182 146
181 146
180 146
179 146
178 146
177 146
176 146
175 146
174 146
173 146
172 146
171 146
170 146
169 146
168 146
167 146
166 146
165 146
164 146
163 146
162 146
161 146
160 146
159 146
158 146
158 145
157 145
157 144
156 144
155 144
154 144
153 144
152 144
151 144
151 143
150 143
150 142
149 142
149 141
148 141
148 140
147 140
147 139
146 139
146 138
145 138
145 137
144 137
144 136
143 136
142 136
141 136
140 136
139 136
138 136
137 136
136 136
135 136
134 136
133 136
132 136
131 136
130 136
129 136
128 136
127 136
127 135
126 135
126 134
125 134
125 133
125 132
125 131
125 130
125 129
124 129
124 128
124 127
124 126
124 125
123 125
123 124
123 123
123 122
123 121
122 121
122 120
121 120
121 119
121 118
121 117
121 116
121 115
121 114
121 113
120 113
120 112
119 112
119 111
118 111
118 110
