317 149
316 149
315 149
314 149
313 149
312 149
311 149
310 149
309 149
308 149
307 149
306 149
305 149
304 149
303 149
302 149
301 149
300 149
299 149
298 149
297 149
297 148
297 147
296 147
295 147
295 146
294 146
293 146
293 145
292 145
291 145
290 145
289 145
289 146
288 146
287 146
287 147
286 147
285 147
285 148
285 149
284 149
284 150
284 151
283 151
283 152
283 153
282 153
282 154
281 154
281 155
280 155
280 156
279 156
279 157
278 157
278 158
277 158
277 159
276 159
276 160
275 160
275 161
274 161
274 162
273 162
273 163
272 163
272 164
271 164
271 165
270 165
270 166
269 166
268 166
267 166
267 167
267 168
267 169
266 169
266 170
265 170
265 171
264 171
264 172
263 172
263 173
262 173
262 174
261 174
261 175
260 175
260 176
259 176
259 177
258 177
258 178
257 178
257 179
256 179
256 180
255 180
255 181
254 181
254 182
253 182
253 183
252 183
252 184
251 184
251 185
250 185
250 186
249 186
249 187
248 187
248 188
247 188
247 189
246 189
246 190
245 190
245 191
244 191
244 192
243 192
243 193
242 193
242 194
241 194
241 195
240 195
240 196
239 196
239 197
238 197
238 198
237 198
237 199
236 199
236 200
235 200
235 201
234 201
234 202
233 202
233 203
232 203
232 204
231 204
231 205
230 205
230 206
229 206
229 207
228 207
228 208
227 208
227 209
226 209
226 210
225 210
225 211
224 211
224 212
223 212
223 213
222 213
222 214
221 214
221 215
220 215
220 216
219 216
219 217
219 218
219 219
219 220
219 221
219 222
219 223
219 224
219 225
219 226
219 227
219 228
219 229
219 230
219 231
219 232
219 233
219 234
219 235
219 236
219 237
219 238
219 239
219 240
219 241
219 242
219 243
219 244
219 245
219 246
219 247
219 248
219 249
219 250
219 251
219 252
219 253
219 254
219 255
219 256
219 257
219 258
219 259
219 260
219 261
218 261
218 262
218 263
217 263
217 264
217 265
216 265
215 265
215 266
214 266
213 266
213 267
212 267
211 267
210 267
209 267
208 267
207 267
206 267
205 267
204 267
203 267
202 267
201 267
200 267
199 267
198 267
197 267
196 267
195 267
194 267
193 267
192 267
191 267
190 267
189 267
188 267
187 267
186 267
185 267
184 267
183 267
182 267
181 267
180 267
179 267
178 267
177 267
176 267
175 267
174 267
173 267
172 267
171 267
170 267
169 267
169 268
168 268
167 268
167 269
167 270
166 270
165 270
165 271
165 272
164 272
163 272
163 273
163 274
162 274
161 274
161 275
161 276
160 276
159 276
159 277
159 278
158 278
157 278
157 279
157 280
156 280
155 280
155 281
155 282
154 282
153 282
153 283
153 284
152 284
151 284
151 285
151 286
150 286
149 286
149 287
149 288
148 288
147 288
147 289
147 290
146 290
145 290
145 291
145 292
144 292
144 293
143 293
142 293
142 294
142 295
141 295
140 295
140 296
140 297
139 297
138 297
138 298
138 299
137 299
136 299
136 300
136 301
135 301
134 301
134 302
134 303
133 303
132 303
132 304
132 305
131 305
130 305
130 306
130 307
129 307
128 307
128 308
128 309
127 309
126 309
126 310
126 311
125 311
124 311
124 312
124 313
123 313
122 313
122 314
122 315
121 315
120 315
120 316
120 317
119 317
118 317
118 318
118 319
117 319
116 319
115 319
114 319
113 319
112 319
111 319
110 319
109 319
109 320
108 320
107 320
106 320
105 320
104 320
103 320
102 320
101 320
100 320
99 320
98 320
97 320
96 320
95 320
95 321
94 321
93 321
93 322
92 322
91 322
91 323
91 324
90 324
90 325
90 326
89 326
89 327
89 328
89 329
89 330
90 330
90 331
90 332
91 332
91 333
91 334
92 334
93 334
93 335
94 335
95 335
95 336
96 336
97 336
98 336
99 336
100 336
