181 86
181 87
181 88
181 89
181 90
181 91
181 92
181 93
181 94
181 95
181 96
181 97
181 98
181 99
181 100
181 101
181 102
181 103
181 104
181 105
181 106
181 107
181 108
181 109
181 110
181 111
181 112
181 113
181 114
181 115
181 116
181 117
181 118
181 119
181 120
181 121
181 122
181 123
181 124
181 125
181 126
180 126
179 126
178 126
177 126
176 126
175 126
175 127
174 127
174 128
173 128
173 129
173 130
173 131
173 132
173 133
173 134
173 135
173 136
173 137
173 138
173 139
173 140
173 141
173 142
173 143
173 144
173 145
173 146
173 147
173 148
173 149
173 150
173 151
173 152
173 153
173 154
173 155
173 156
173 157
173 158
173 159
173 160
173 161
173 162
173 163
173 164
173 165
173 166
173 167
173 168
173 169
173 170
173 171
173 172
173 173
173 174
173 175
173 176
173 177
173 178
173 179
173 180
173 181
173 182
173 183
173 184
173 185
173 186
173 187
173 188
173 189
173 190
173 191
173 192
173 193
173 194
173 195
173 196
173 197
173 198
173 199
173 200
173 201
173 202
173 203
173 204
173 205
173 206
172 206
172 207
172 208
171 208
170 208
170 209
170 210
169 210
168 210
168 211
168 212
167 212
166 212
166 213
166 214
165 214
164 214
164 215
164 216
163 216
162 216
162 217
162 218
161 218
160 218
160 219
160 220
159 220
158 220
158 221
158 222
157 222
156 222
156 223
156 224
155 224
154 224
154 225
154 226
153 226
152 226
152 227
152 228
151 228
150 228
150 229
150 230
149 230
148 230
148 231
148 232
147 232
146 232
146 233
146 234
145 234
145 235
145 236
145 237
145 238
145 239
145 240
144 240
144 241
143 241
143 242
142 242
141 242
140 242
139 242
138 242
137 242
137 243
136 243
136 244
135 244
135 245
134 245
134 246
133 246
132 246
132 247
131 247
131 248
130 248
130 249
129 249
129 250
128 250
128 251
128 252
127 252
126 252
125 252
124 252
123 252
122 252
121 252
120 252
119 252
118 252
117 252
116 252
115 252
114 252
113 252
112 252
111 252
110 252
109 252
108 252
107 252
106 252
105 252
105 253
104 253
103 253
102 253
101 253
100 253
99 253
98 253
97 253
96 253
95 253
94 253
93 253
92 253
91 253
90 253
89 253
88 253
87 253
86 253
85 253
84 253
83 253
83 254
82 254
81 254
80 254
79 254
78 254
77 254
76 254
75 254
74 254
73 254
72 254
71 254
70 254
69 254
68 254
68 255
67 255
66 255
66 256
65 256
64 256
64 257
64 258
63 258
63 259
63 260
62 260
62 261
62 262
62 263
62 264
62 265
62 266
62 267
62 268
62 269
62 270
62 271
62 272
62 273
62 274
62 275
62 276
62 277
62 278
62 279
62 280
62 281
62 282
62 283
62 284
62 285
62 286
62 287
62 288
62 289
62 290
62 291
62 292
62 293
62 294
62 295
62 296
62 297
63 297
63 298
63 299
64 299
65 299
65 300
65 301
66 301
67 301
67 302
67 303
68 303
69 303
69 304
69 305
70 305
71 305
71 306
71 307
72 307
