249 143
249 144
249 145
249 146
249 147
249 148
249 149
249 150
249 151
249 152
249 153
249 154
249 155
249 156
249 157
249 158
249 159
249 160
249 161
249 162
249 163
249 164
249 165
249 166
249 167
249 168
249 169
249 170
249 171
249 172
249 173
249 174
249 175
249 176
249 177
249 178
249 179
249 180
249 181
249 182
249 183
249 184
249 185
249 186
249 187
249 188
249 189
249 190
249 191
249 192
249 193
249 194
249 195
249 196
249 197
249 198
249 199
249 200
249 201
248 201
248 202
247 202
247 203
246 203
246 204
245 204
245 205
244 205
244 206
243 206
243 207
242 207
242 208
241 208
241 209
240 209
240 210
239 210
239 211
238 211
238 212
237 212
237 213
236 213
236 214
235 214
235 215
234 215
234 216
233 216
233 217
232 217
232 218
231 218
231 219
230 219
230 220
229 220
229 221
228 221
228 222
227 222
227 223
226 223
226 224
225 224
225 225
224 225
224 226
224 227
223 227
222 227
222 228
222 229
221 229
220 229
220 230
220 231
219 231
219 232
219 233
219 234
219 235
219 236
219 237
219 238
219 239
219 240
219 241
219 242
219 243
219 244
219 245
219 246
219 247
219 248
219 249
219 250
219 251
219 252
219 253
219 254
219 255
219 256
219 257
219 258
219 259
219 260
219 261
218 261
218 262
218 263
217 263
217 264
217 265
216 265
215 265
215 266
214 266
213 266
213 267
212 267
211 267
210 267
209 267
208 267
207 267
206 267
205 267
204 267
203 267
202 267
201 267
200 267
199 267
198 267
197 267
196 267
195 267
194 267
193 267
192 267
191 267
190 267
189 267
188 267
187 267
186 267
185 267
184 267
183 267
183 268
182 268
181 268
181 269
181 270
180 270
179 270
179 271
179 272
178 272
177 272
177 273
177 274
176 274
175 274
175 275
175 276
174 276
173 276
173 277
173 278
172 278
171 278
171 279
171 280
170 280
169 280
169 281
169 282
168 282
167 282
167 283
167 284
166 284
165 284
165 285
165 286
164 286
163 286
163 287
163 288
162 288
161 288
161 289
161 290
160 290
159 290
159 291
159 292
158 292
157 292
157 293
157 294
156 294
155 294
155 295
155 296
154 296
153 296
153 297
153 298
152 298
151 298
151 299
151 300
150 300
149 300
149 301
149 302
148 302
147 302
147 303
147 304
146 304
145 304
145 305
145 306
144 306
144 307
143 307
142 307
142 308
142 309
141 309
140 309
140 310
140 311
139 311
138 311
138 312
138 313
137 313
136 313
136 314
136 315
135 315
134 315
134 316
134 317
133 317
132 317
132 318
132 319
131 319
130 319
129 319
128 319
127 319
126 319
125 319
124 319
123 319
122 319
121 319
120 319
119 319
118 319
117 319
116 319
115 319
114 319
113 319
112 319
111 319
110 319
109 319
109 320
108 320
107 320
106 320
105 320
104 320
103 320
102 320
101 320
100 320
99 320
98 320
97 320
96 320
95 320
95 321
94 321
93 321
93 322
92 322
91 322
91 323
91 324
90 324
90 325
90 326
89 326
89 327
89 328
89 329
89 330
89 331
89 332
89 333
89 334
89 335
89 336
89 337
89 338
89 339
89 340
89 341
89 342
89 343
89 344
89 345
89 346
89 347
89 348
89 349
89 350
89 351
89 352
89 353
89 354
89 355
89 356
89 357
89 358
89 359
89 360
89 361
88 361
88 362
88 363
87 363
86 363
86 364
86 365
85 365
84 365
84 366
84 367
83 367
82 367
82 368
82 369
81 369
80 369
80 370
80 371
79 371
78 371
78 372
78 373
77 373
76 373
76 374
76 375
75 375
74 375
74 376
74 377
73 377
72 377
72 378
72 379
71 379
70 379
70 380
70 381
69 381
68 381
68 382
68 383
67 383
66 383
66 384
66 385
65 385
64 385
64 386
64 387
63 387
62 387
62 388
62 389
61 389
60 389
60 390
