160 180
161 180
162 180
163 180
164 180
165 180
166 180
167 180
168 180
169 180
170 180
171 180
172 180
173 180
174 180
175 180
176 180
177 180
177 179
178 179
179 179
180 179
181 179
182 179
183 179
184 179
185 179
186 179
187 179
188 179
189 179
190 179
191 179
192 179
193 179
194 179
195 179
196 179
197 179
198 179
198 178
198 177
198 176
198 175
198 174
198 173
198 172
198 171
198 170
198 169
198 168
198 167
198 166
198 165
198 164
198 163
198 162
198 161
198 160
198 159
198 158
198 157
198 156
198 155
198 154
198 153
198 152
199 152
199 151
199 150
200 150
200 149
200 148
201 148
202 148
202 147
203 147
204 147
204 146
205 146
206 146
207 146
208 146
208 147
209 147
210 147
210 148
211 148
212 148
212 149
212 150
213 150
213 151
213 152
214 152
214 153
214 154
214 155
214 156
215 156
215 157
215 158
215 159
215 160
216 160
216 161
216 162
216 163
216 164
216 165
217 165
217 166
217 167
218 167
218 168
218 169
218 170
218 171
218 172
218 173
218 174
219 174
219 175
219 176
219 177
219 178
219 179
219 180
219 181
219 182
219 183
219 184
219 185
219 186
219 187
219 188
219 189
219 190
219 191
219 192
219 193
219 194
219 195
219 196
219 197
219 198
219 199
219 200
219 201
219 202
219 203
219 204
219 205
219 206
219 207
219 208
219 209
219 210
219 211
219 212
219 213
219 214
219 215
219 216
219 217
219 218
219 219
219 220
219 221
219 222
219 223
219 224
219 225
219 226
219 227
219 228
219 229
219 230
219 231
219 232
219 233
219 234
219 235
219 236
219 237
219 238
219 239
219 240
219 241
219 242
219 243
219 244
219 245
219 246
219 247
220 247
220 248
220 249
221 249
222 249
222 250
222 251
223 251
224 251
224 252
224 253
225 253
226 253
226 254
226 255
227 255
228 255
228 256
228 257
229 257
230 257
230 258
230 259
231 259
232 259
232 260
232 261
233 261
234 261
234 262
234 263
235 263
236 263
236 264
236 265
237 265
238 265
238 266
238 267
239 267
240 267
240 268
240 269
241 269
242 269
242 270
242 271
243 271
244 271
244 272
244 273
245 273
246 273
246 274
246 275
247 275
248 275
248 276
248 277
249 277
250 277
250 278
250 279
251 279
252 279
252 280
252 281
253 281
254 281
254 282
254 283
255 283
256 283
256 284
256 285
257 285
258 285
258 286
258 287
259 287
260 287
260 288
260 289
261 289
262 289
262 290
262 291
263 291
264 291
264 292
264 293
265 293
266 293
266 294
266 295
267 295
268 295
268 296
268 297
269 297
270 297
270 298
270 299
271 299
272 299
272 300
272 301
273 301
274 301
274 302
274 303
275 303
276 303
276 304
276 305
277 305
278 305
278 306
278 307
279 307
280 307
280 308
280 309
281 309
282 309
282 310
282 311
283 311
284 311
284 312
285 312
285 313
285 314
286 314
287 314
287 315
288 315
288 316
288 317
289 317
289 318
289 319
289 320
289 321
289 322
290 322
290 323
290 324
291 324
291 325
291 326
292 326
292 327
293 327
293 328
294 328
294 329
295 329
296 329
296 330
297 330
297 331
298 331
299 331
299 332
300 332
300 333
301 333
301 334
302 334
302 335
303 335
303 336
304 336
304 337
305 337
305 338
306 338
307 338
307 339
308 339
308 340
309 340
309 341
310 341
310 342
311 342
311 343
312 343
313 343
313 344
314 344
314 345
315 345
316 345
316 346
317 346
317 347
318 347
318 348
319 348
319 349
320 349
320 350
321 350
321 351
322 351
322 352
323 352
324 352
324 353
325 353
325 354
326 354
326 355
327 355
327 356
328 356
328 357
329 357
329 358
330 358
330 359
331 359
331 360
332 360
333 360
333 361
334 361
334 362
335 362
335 363
336 363
336 364
337 364
337 365
338 365
338 366
339 366
339 367
340 367
340 368
340 369
341 369
341 370
342 370
342 371
343 371
343 372
344 372
344 373
345 373
345 374
346 374
346 375
347 375
347 376
348 376
349 376
349 377
350 377
350 378
350 379
351 379
351 380
352 380
352 381
353 381
353 382
354 382
355 382
355 383
356 383
356 384
356 385
357 385
357 386
358 386
358 387
359 387
360 387
360 388
361 388
361 389
362 389
362 390
362 391
363 391
364 391
364 392
364 393
365 393
366 393
366 394
366 395
367 395
368 395
368 396
369 396
369 397
369 398
370 398
371 398
371 399
371 400
372 400
373 400
373 401
373 402
374 402
375 402
375 403
375 404
376 404
376 405
377 405
377 406
378 406
379 406
379 407
380 407
380 408
380 409
381 409
382 409
382 410
382 411
383 411
383 412
384 412
384 413
385 413
385 414
386 414
386 415
387 415
388 415
388 416
389 416
389 417
390 417
390 418
391 418
391 419
392 419
392 420
393 420
393 421
394 421
394 422
394 423
395 423
395 424
396 424
397 424
397 425
398 425
398 426
399 426
399 427
400 427
400 428
401 428
401 429
402 429
402 430
403 430
403 431
404 431
404 432
405 432
405 433
