262 484
263 484
264 484
265 484
266 484
267 484
268 484
269 484
270 484
271 484
272 484
273 484
274 484
275 484
276 484
277 484
278 484
279 484
280 484
281 484
281 483
281 482
281 481
281 480
281 479
281 478
281 477
281 476
282 476
282 475
282 474
283 474
283 473
283 472
284 472
285 472
285 471
286 471
287 471
287 470
288 470
289 470
290 470
291 470
292 470
293 470
294 470
295 470
296 470
297 470
298 470
299 470
300 470
301 470
302 470
303 470
304 470
305 470
306 470
307 470
308 470
309 470
310 470
311 470
312 470
313 470
314 470
315 470
316 470
317 470
318 470
319 470
320 470
321 470
321 469
322 469
322 468
323 468
324 468
325 468
326 468
327 468
328 468
328 467
329 467
330 467
331 467
332 467
333 467
334 467
335 467
336 467
337 467
338 467
339 467
340 467
341 467
342 467
343 467
344 467
345 467
346 467
347 467
348 467
349 467
349 468
350 468
350 469
351 469
351 470
351 471
351 472
351 473
351 474
351 475
351 476
351 477
351 478
351 479
351 480
351 481
351 482
351 483
351 484
351 485
351 486
351 487
351 488
351 489
351 490
351 491
351 492
351 493
351 494
352 494
352 495
352 496
353 496
354 496
354 497
354 498
355 498
