266 429
266 428
266 427
266 426
266 425
266 424
266 423
266 422
266 421
266 420
266 419
266 418
266 417
266 416
266 415
266 414
266 413
266 412
266 411
266 410
266 409
266 408
266 407
266 406
266 405
266 404
266 403
266 402
266 401
266 400
266 399
266 398
266 397
266 396
266 395
266 394
266 393
266 392
266 391
266 390
266 389
266 388
266 387
266 386
266 385
266 384
266 383
266 382
266 381
266 380
266 379
266 378
266 377
266 376
266 375
266 374
266 373
266 372
266 371
266 370
266 369
266 368
266 367
266 366
266 365
266 364
266 363
266 362
266 361
266 360
266 359
266 358
266 357
266 356
266 355
266 354
265 353
265 352
264 351
264 350
263 349
263 348
262 347
262 346
262 345
261 344
261 343
260 342
260 341
259 340
259 339
258 338
258 337
257 336
257 335
257 334
256 333
256 332
255 331
255 330
254 329
254 328
253 327
252 326
252 325
