95 200
95 199
95 198
95 197
95 196
95 195
95 194
95 193
95 192
95 191
95 190
95 189
95 188
95 187
95 186
95 185
95 184
95 183
95 182
95 181
95 180
95 179
95 178
95 177
95 176
95 175
95 174
95 173
95 172
95 171
95 170
95 169
95 168
95 167
95 166
95 165
95 164
95 163
95 162
95 161
94 161
94 160
94 159
93 159
93 158
92 158
92 157
91 157
91 156
90 156
90 155
89 155
89 154
88 154
88 153
87 153
86 153
85 153
85 152
84 152
84 151
83 151
83 150
82 150
82 149
81 149
81 148
81 147
80 147
80 146
79 146
79 145
78 145
78 144
78 143
77 143
77 142
76 142
76 141
75 141
75 140
75 139
74 139
74 138
73 138
73 137
73 136
72 136
72 135
72 134
71 134
71 133
70 133
70 132
69 132
69 131
69 130
69 129
68 129
68 128
67 128
67 127
67 126
66 126
66 125
65 125
65 124
64 124
64 123
63 123
63 122
62 122
62 121
61 121
61 120
60 120
60 119
59 119
59 118
59 117
58 117
58 116
57 116
57 115
57 114
56 114
56 113
56 112
55 112
55 111
54 111
54 110
53 110
53 109
52 109
52 108
52 107
51 107
51 106
50 106
50 105
49 105
49 104
49 103
49 102
49 101
49 100
49 99
49 98
49 97
50 97
50 96
51 96
51 95
52 95
53 95
54 95
55 95
56 95
57 95
58 95
59 95
60 95
61 95
62 95
63 95
64 95
65 95
66 95
67 95
68 95
69 95
70 95
71 95
72 95
73 95
74 95
75 95
76 95
77 95
78 95
79 95
80 95
81 95
81 94
81 93
81 92
81 91
81 90
81 89
81 88
81 87
82 87
82 86
83 86
83 85
84 85
85 85
86 85
87 85
88 85
89 85
90 85
91 85
92 85
93 85
94 85
95 85
96 85
97 85
98 85
99 85
100 85
101 85
102 85
103 85
104 85
105 85
106 85
107 85
108 85
108 84
109 84
