178 208
179 208
180 208
181 208
182 208
183 208
184 208
185 208
186 208
187 208
188 208
189 208
190 208
191 208
192 208
193 208
194 208
195 208
196 208
197 208
198 208
198 207
198 206
198 205
198 204
198 203
198 202
198 201
198 200
198 199
198 198
198 197
198 196
198 195
198 194
198 193
198 192
198 191
198 190
198 189
198 188
198 187
198 186
198 185
198 184
198 183
198 182
198 181
198 180
198 179
198 178
198 177
198 176
198 175
198 174
198 173
198 172
198 171
198 170
198 169
198 168
198 167
198 166
198 165
198 164
198 163
198 162
198 161
198 160
198 159
198 158
198 157
198 156
198 155
198 154
198 153
198 152
199 152
199 151
199 150
200 150
200 149
200 148
201 148
202 148
202 147
203 147
204 147
204 146
205 146
206 146
207 146
208 146
208 147
209 147
210 147
210 148
211 148
212 148
212 149
212 150
213 150
213 151
213 152
214 152
214 153
214 154
214 155
214 156
215 156
215 157
215 158
215 159
215 160
216 160
216 161
216 162
216 163
216 164
216 165
217 165
217 166
217 167
218 167
218 168
218 169
218 170
218 171
218 172
218 173
218 174
219 174
219 175
219 176
219 177
219 178
219 179
219 180
219 181
219 182
219 183
219 184
219 185
219 186
219 187
219 188
219 189
219 190
219 191
219 192
220 192
220 193
221 193
221 194
222 194
222 195
223 195
223 196
224 196
224 197
225 197
225 198
226 198
226 199
227 199
227 200
228 200
228 201
229 201
229 202
230 202
230 203
231 203
231 204
232 204
232 205
233 205
233 206
234 206
234 207
235 207
235 208
236 208
236 209
237 209
237 210
238 210
238 211
239 211
239 212
240 212
240 213
241 213
241 214
242 214
242 215
243 215
243 216
244 216
244 217
245 217
245 218
246 218
246 219
247 219
247 220
248 220
248 221
249 221
249 222
250 222
250 223
251 223
251 224
252 224
252 225
253 225
253 226
254 226
254 227
255 227
255 228
256 228
256 229
257 229
257 230
258 230
258 231
259 231
259 232
260 232
260 233
261 233
261 234
262 234
262 235
263 235
263 236
264 236
264 237
265 237
265 238
266 238
266 239
267 239
267 240
268 240
268 241
269 241
269 242
270 242
270 243
271 243
271 244
272 244
272 245
273 245
273 246
274 246
274 247
275 247
275 248
276 248
276 249
277 249
277 250
278 250
278 251
279 251
279 252
280 252
280 253
281 253
281 254
282 254
282 255
283 255
283 256
284 256
284 257
284 258
284 259
285 259
285 260
285 261
286 261
286 262
286 263
287 263
287 264
288 264
289 264
289 265
290 265
291 265
291 266
292 266
293 266
294 266
294 267
295 267
295 268
296 268
296 269
297 269
297 270
298 270
298 271
299 271
299 272
300 272
300 273
301 273
301 274
302 274
302 275
303 275
303 276
304 276
304 277
305 277
305 278
306 278
306 279
307 279
307 280
308 280
308 281
309 281
309 282
310 282
310 283
311 283
311 284
312 284
312 285
313 285
313 286
314 286
314 287
315 287
315 288
316 288
316 289
317 289
317 290
318 290
318 291
319 291
319 292
320 292
320 293
321 293
321 294
322 294
322 295
323 295
323 296
324 296
324 297
325 297
325 298
326 298
326 299
327 299
327 300
328 300
328 301
329 301
329 302
330 302
330 303
331 303
331 304
332 304
332 305
333 305
333 306
334 306
334 307
335 307
335 308
336 308
336 309
337 309
337 310
338 310
339 310
340 310
341 310
342 310
343 310
344 310
345 310
345 311
346 311
347 311
347 312
348 312
349 312
349 313
349 314
350 314
350 315
350 316
351 316
351 317
351 318
351 319
351 320
351 321
351 322
351 323
351 324
352 324
352 325
353 325
353 326
354 326
354 327
355 327
355 328
356 328
356 329
357 329
357 330
358 330
358 331
359 331
359 332
360 332
360 333
361 333
361 334
362 334
362 335
363 335
363 336
364 336
364 337
365 337
365 338
366 338
366 339
367 339
367 340
368 340
368 341
369 341
369 342
370 342
370 343
371 343
371 344
372 344
372 345
373 345
373 346
374 346
374 347
375 347
375 348
376 348
376 349
377 349
377 350
378 350
378 351
379 351
379 352
380 352
380 353
381 353
381 354
382 354
382 355
383 355
383 356
384 356
384 357
385 357
385 358
386 358
386 359
387 359
387 360
388 360
388 361
389 361
389 362
390 362
390 363
391 363
391 364
392 364
392 365
393 365
393 366
394 366
394 367
395 367
395 368
396 368
396 369
397 369
397 370
398 370
398 371
399 371
399 372
400 372
400 373
401 373
401 374
402 374
402 375
403 375
403 376
404 376
404 377
405 377
405 378
406 378
406 379
407 379
407 380
408 380
408 381
409 381
409 382
410 382
410 383
411 383
411 384
412 384
412 385
413 385
413 386
414 386
414 387
415 387
415 388
416 388
416 389
417 389
417 390
418 390
418 391
419 391
