466 87
466 86
466 85
466 84
466 83
466 82
466 81
466 80
466 79
466 78
466 77
466 76
466 75
466 74
466 73
466 72
466 71
466 70
466 69
466 68
466 67
466 66
466 65
466 64
466 63
466 62
466 61
466 60
466 59
466 58
466 57
466 56
466 55
466 54
466 53
466 52
466 51
466 50
466 49
466 48
466 47
466 46
466 45
466 44
466 43
466 42
466 41
466 40
466 39
466 38
466 37
466 36
466 35
466 34
467 34
467 33
468 33
468 32
469 32
469 31
470 31
470 30
471 30
471 29
472 29
472 28
473 28
473 27
474 27
474 26
475 26
475 25
476 25
