393 212
393 213
393 214
393 215
393 216
393 217
393 218
393 219
393 220
393 221
393 222
393 223
393 224
393 225
393 226
393 227
392 227
392 228
391 228
391 229
390 229
390 230
389 230
389 231
388 231
388 232
387 232
387 233
386 233
386 234
385 234
385 235
384 235
384 236
383 236
383 237
382 237
382 238
381 238
381 239
380 239
380 240
379 240
379 241
378 241
378 242
377 242
377 243
376 243
376 244
375 244
375 245
374 245
374 246
373 246
373 247
372 247
372 248
371 248
371 249
370 249
370 250
369 250
369 251
368 251
368 252
367 252
367 253
366 253
366 254
365 254
365 255
364 255
364 256
363 256
363 257
362 257
362 258
361 258
361 259
360 259
360 260
359 260
359 261
358 261
358 262
357 262
357 263
356 263
356 264
355 264
355 265
354 265
354 266
353 266
353 267
352 267
352 268
351 268
351 269
350 269
350 270
349 270
349 271
348 271
348 272
347 272
347 273
346 273
346 274
345 274
345 275
344 275
344 276
343 276
343 277
342 277
342 278
341 278
341 279
340 279
340 280
339 280
339 281
338 281
338 282
337 282
337 283
336 283
336 284
335 284
335 285
334 285
334 286
333 286
333 287
332 287
332 288
331 288
331 289
330 289
330 290
329 290
329 291
328 291
328 292
327 292
327 293
326 293
326 294
325 294
325 295
324 295
324 296
323 296
323 297
322 297
322 298
321 298
321 299
320 299
320 300
319 300
319 301
318 301
318 302
317 302
317 303
316 303
316 304
315 304
315 305
314 305
314 306
313 306
313 307
312 307
312 308
311 308
311 309
310 309
310 310
309 310
309 311
308 311
307 311
307 312
306 312
305 312
304 312
303 312
302 312
301 312
300 312
299 312
298 312
297 312
296 312
295 312
295 313
294 313
293 313
293 314
292 314
291 314
291 315
291 316
290 316
290 317
290 318
289 318
289 319
289 320
289 321
289 322
289 323
289 324
289 325
289 326
289 327
289 328
289 329
289 330
289 331
288 331
288 332
288 333
287 333
286 333
286 334
286 335
285 335
284 335
284 336
284 337
283 337
282 337
282 338
282 339
281 339
280 339
280 340
280 341
279 341
278 341
278 342
278 343
277 343
276 343
276 344
276 345
275 345
274 345
274 346
274 347
273 347
272 347
272 348
272 349
271 349
270 349
270 350
270 351
269 351
268 351
268 352
268 353
267 353
266 353
266 354
266 355
265 355
264 355
264 356
264 357
263 357
262 357
262 358
262 359
261 359
260 359
260 360
260 361
259 361
258 361
258 362
258 363
257 363
256 363
256 364
256 365
255 365
254 365
254 366
254 367
253 367
252 367
252 368
252 369
251 369
250 369
250 370
250 371
249 371
248 371
248 372
248 373
247 373
246 373
246 374
246 375
245 375
244 375
244 376
244 377
243 377
242 377
242 378
242 379
241 379
240 379
240 380
240 381
239 381
238 381
238 382
238 383
237 383
236 383
236 384
236 385
235 385
235 386
234 386
233 386
233 387
232 387
232 388
232 389
231 389
230 389
230 390
230 391
229 391
228 391
228 392
228 393
227 393
226 393
226 394
226 395
225 395
224 395
224 396
224 397
223 397
222 397
222 398
222 399
221 399
220 399
220 400
220 401
219 401
218 401
218 402
218 403
217 403
217 404
216 404
216 405
215 405
215 406
215 407
215 408
215 409
215 410
215 411
215 412
215 413
215 414
215 415
215 416
215 417
215 418
215 419
215 420
215 421
215 422
215 423
215 424
215 425
214 425
214 426
214 427
214 428
214 429
214 430
214 431
214 432
214 433
214 434
214 435
214 436
214 437
214 438
214 439
214 440
214 441
214 442
214 443
214 444
214 445
214 446
213 446
213 447
213 448
212 448
212 449
212 450
211 450
210 450
210 451
209 451
208 451
208 452
207 452
206 452
205 452
204 452
203 452
202 452
201 452
200 452
199 452
198 452
197 452
196 452
195 452
194 452
193 452
192 452
191 452
190 452
189 452
188 452
187 452
186 452
185 452
184 452
183 452
182 452
181 452
180 452
179 452
178 452
177 452
176 452
175 452
174 452
173 452
172 452
171 452
170 452
169 452
168 452
