90 112
91 113
91 114
91 115
91 116
91 117
91 118
91 119
91 120
91 121
91 122
91 123
91 124
91 125
91 126
91 127
91 128
91 129
91 130
91 131
91 132
91 133
91 134
91 135
91 136
91 137
91 138
91 139
91 140
91 141
91 142
92 142
92 143
93 143
94 143
94 144
95 144
95 145
96 145
96 146
97 146
97 147
98 147
98 148
99 148
99 149
100 149
100 150
101 150
101 151
102 151
102 152
103 152
103 153
104 153
104 154
104 155
105 155
105 156
105 157
105 158
105 159
105 160
105 161
105 162
105 163
105 164
105 165
105 166
105 167
106 167
106 168
106 169
106 170
106 171
106 172
106 173
106 174
106 175
106 176
106 177
106 178
106 179
106 180
106 181
106 182
106 183
106 184
106 185
106 186
106 187
106 188
106 189
106 190
106 191
106 192
106 193
106 194
106 195
106 196
106 197
106 198
106 199
106 200
106 201
106 202
106 203
106 204
106 205
106 206
106 207
106 208
106 209
106 210
106 211
106 212
106 213
106 214
106 215
105 215
104 215
103 215
102 215
101 215
101 216
100 216
99 216
98 216
97 216
97 217
96 217
95 217
94 217
94 218
93 218
92 218
92 219
91 219
90 219
89 219
88 219
87 219
87 220
86 220
85 220
84 220
83 220
82 220
81 220
80 220
79 220
78 220
78 221
77 221
76 221
75 221
74 221
73 221
72 221
71 221
70 221
69 221
68 221
67 221
66 221
65 221
64 221
63 221
62 221
61 221
60 221
59 221
58 221
57 221
56 221
55 221
54 221
53 221
52 221
51 221
50 221
49 221
48 221
47 221
46 221
45 221
44 221
43 221
42 221
41 221
41 222
40 222
40 223
39 223
39 224
39 225
39 226
39 227
39 228
39 229
39 230
39 231
39 232
39 233
39 234
39 235
40 235
40 236
40 237
41 237
42 237
42 238
42 239
43 239
44 239
44 240
44 241
45 241
46 241
46 242
46 243
47 243
47 244
47 245
47 246
48 246
48 247
49 247
49 248
50 248
51 248
52 248
52 249
53 249
54 249
54 250
54 251
55 251
56 251
56 252
56 253
57 253
58 253
58 254
58 255
59 255
60 255
60 256
60 257
61 257
62 257
62 258
62 259
62 260
62 261
62 262
62 263
62 264
63 264
63 265
63 266
64 266
64 267
64 268
65 268
66 268
66 269
67 269
68 269
68 270
69 270
70 270
71 270
72 270
73 270
74 270
74 271
75 271
76 271
76 272
76 273
77 273
78 273
78 274
78 275
79 275
80 275
80 276
80 277
81 277
82 277
82 278
82 279
83 279
84 279
84 280
84 281
85 281
86 281
86 282
86 283
87 283
88 283
88 284
88 285
89 285
90 285
90 286
90 287
91 287
92 287
92 288
92 289
93 289
94 289
94 290
94 291
95 291
