471 210
470 210
469 210
468 210
467 210
466 210
465 210
464 210
463 210
462 210
461 210
460 210
459 210
458 210
457 210
456 210
455 210
454 210
453 210
452 210
451 210
450 210
449 210
448 210
447 210
446 210
445 210
444 210
443 210
442 210
441 210
440 210
439 210
438 210
437 210
436 210
435 210
434 210
433 210
432 210
431 210
430 210
429 210
428 210
427 210
426 210
425 210
424 210
423 210
422 210
421 210
420 210
419 210
418 210
417 210
416 210
415 210
414 210
413 210
412 210
411 210
410 210
409 210
408 210
407 210
406 210
405 210
404 210
403 210
402 210
401 210
400 210
399 210
398 210
397 210
396 210
395 210
394 210
393 210
392 210
391 210
390 210
389 210
388 210
387 210
386 210
385 210
384 210
383 210
382 210
381 210
380 210
379 210
378 210
377 210
376 210
375 210
374 210
373 210
372 210
371 210
370 210
369 210
368 210
367 210
366 210
365 210
364 210
363 210
362 210
361 210
360 210
359 210
358 210
357 210
356 210
355 210
354 210
353 210
352 210
351 210
350 210
349 210
348 210
347 210
346 210
346 209
346 208
346 207
346 206
346 205
346 204
345 204
345 203
344 203
344 202
343 202
343 201
343 200
343 199
342 199
342 198
341 198
341 197
340 197
339 197
338 197
337 197
336 197
335 197
334 197
333 197
332 197
331 197
330 197
329 197
328 197
327 197
326 197
325 197
324 197
323 197
322 197
321 197
320 197
319 197
318 197
317 197
316 197
315 197
314 197
313 197
312 197
311 197
310 197
309 197
308 197
307 197
306 197
305 197
304 197
303 197
302 197
301 197
300 197
300 196
299 196
299 195
299 194
299 193
299 192
299 191
299 190
299 189
299 188
299 187
299 186
299 185
299 184
299 183
299 182
299 181
299 180
299 179
299 178
299 177
299 176
299 175
299 174
299 173
299 172
299 171
299 170
299 169
299 168
299 167
299 166
299 165
299 164
299 163
299 162
299 161
299 160
299 159
299 158
299 157
299 156
299 155
299 154
299 153
299 152
299 151
298 151
298 150
298 149
297 149
297 148
297 147
296 147
295 147
295 146
294 146
293 146
293 145
292 145
291 145
290 145
289 145
288 145
287 145
286 145
285 145
284 145
283 145
282 145
281 145
280 145
279 145
278 145
277 145
276 145
275 145
274 145
273 145
272 145
271 145
270 145
269 145
268 145
267 145
266 145
265 145
264 145
263 145
262 145
261 145
260 145
259 145
258 145
257 145
256 145
255 145
254 145
253 145
252 145
251 145
250 145
249 145
248 145
248 146
247 146
247 147
246 147
246 148
245 148
245 149
244 149
243 149
242 149
241 149
240 149
239 149
238 149
237 149
236 149
235 149
234 149
233 149
232 149
231 149
230 149
229 149
228 149
227 149
226 149
225 149
224 149
223 149
222 149
222 148
221 148
220 148
219 148
219 147
218 147
217 147
216 147
216 146
215 146
215 147
214 147
213 147
212 147
211 147
211 146
210 146
209 146
208 146
208 145
207 145
207 146
206 146
205 146
204 146
204 147
203 147
202 147
202 148
201 148
200 148
200 149
200 150
199 150
199 151
199 152
198 152
198 153
198 154
198 155
198 156
198 157
198 158
198 159
198 160
198 161
198 162
198 163
198 164
198 165
198 166
198 167
198 168
198 169
198 170
198 171
198 172
198 173
198 174
198 175
198 176
198 177
198 178
198 179
198 180
198 181
198 182
198 183
198 184
198 185
198 186
198 187
198 188
198 189
198 190
198 191
198 192
198 193
198 194
198 195
198 196
197 196
197 197
196 197
196 198
196 199
195 199
194 199
194 200
194 201
193 201
192 201
192 202
192 203
191 203
190 203
190 204
190 205
189 205
188 205
188 206
188 207
187 207
186 207
186 208
186 209
185 209
184 209
184 210
184 211
183 211
182 211
182 212
182 213
181 213
180 213
180 214
180 215
179 215
178 215
178 216
178 217
177 217
176 217
176 218
176 219
175 219
174 219
174 220
