181 17
182 18
183 19
184 20
185 21
186 22
187 23
188 24
189 25
190 26
191 27
192 28
193 29
194 30
195 31
196 32
197 33
198 34
198 35
198 36
198 37
198 38
198 39
198 40
198 41
198 42
198 43
198 44
198 45
198 46
198 47
198 48
198 49
198 50
198 51
198 52
198 53
198 54
198 55
198 56
198 57
198 58
198 59
198 60
198 61
198 62
198 63
198 64
198 65
198 66
198 67
198 68
198 69
198 70
198 71
198 72
198 73
198 74
198 75
198 76
198 77
198 78
198 79
198 80
198 81
198 82
198 83
198 84
198 85
198 86
198 87
198 88
198 89
198 90
198 91
198 92
198 93
198 94
198 95
198 96
198 97
199 97
199 98
199 99
199 100
199 101
200 101
200 102
200 103
200 104
200 105
201 105
201 106
201 107
201 108
201 109
201 110
201 111
201 112
201 113
201 114
201 115
201 116
201 117
201 118
202 118
202 119
202 120
202 121
202 122
202 123
202 124
203 124
204 124
204 125
205 125
206 125
207 125
208 125
209 125
210 125
211 125
212 125
213 125
214 125
215 125
216 125
217 125
218 125
219 125
220 125
221 125
222 125
223 125
224 125
225 125
226 125
227 125
228 125
229 125
230 125
231 125
232 125
233 125
234 125
235 125
236 125
237 125
238 125
239 125
240 125
241 125
242 125
243 125
244 125
245 125
246 125
247 125
248 125
249 125
250 125
251 125
252 125
253 125
254 125
255 125
256 125
257 125
258 125
259 125
260 125
261 125
262 125
263 125
264 125
265 125
266 125
267 125
268 125
269 125
270 125
271 125
272 125
273 125
274 125
275 125
276 125
277 125
278 125
279 125
280 125
281 125
282 125
283 125
284 125
285 125
286 125
287 125
288 125
289 125
290 125
290 126
291 126
292 126
293 126
294 126
295 126
296 126
297 126
298 126
299 126
300 126
301 126
302 126
303 126
304 126
305 126
306 126
307 126
308 126
309 126
310 126
311 126
312 126
313 126
314 126
315 126
315 127
316 127
316 128
317 128
317 129
318 129
318 130
319 130
319 131
320 131
320 132
321 132
321 133
322 133
322 134
323 134
323 135
324 135
324 136
325 136
325 137
326 137
326 138
327 138
327 139
328 139
328 140
329 140
329 141
330 141
330 142
331 142
331 143
332 143
332 144
333 144
333 145
334 145
334 146
335 146
336 146
336 147
337 147
337 148
338 148
338 149
338 150
339 150
339 151
340 151
340 152
341 152
341 153
342 153
342 154
343 154
343 155
344 155
344 156
345 156
345 157
346 157
346 158
347 158
347 159
348 159
348 160
349 160
349 161
350 161
350 162
351 162
351 163
352 163
352 164
353 164
353 165
354 165
354 166
355 166
355 167
356 167
356 168
357 168
357 169
358 169
358 170
359 170
359 171
360 171
360 172
361 172
361 173
362 173
362 174
363 174
363 175
364 175
364 176
365 176
365 177
366 177
366 178
367 178
367 179
368 179
368 180
369 180
369 181
370 181
370 182
371 182
371 183
372 183
372 184
373 184
373 185
374 185
374 186
375 186
375 187
376 187
376 188
377 188
377 189
377 190
377 191
377 192
377 193
377 194
377 195
377 196
377 197
377 198
377 199
377 200
377 201
377 202
377 203
377 204
377 205
377 206
377 207
377 208
377 209
377 210
377 211
377 212
377 213
377 214
377 215
377 216
377 217
377 218
377 219
377 220
377 221
377 222
377 223
377 224
377 225
377 226
377 227
377 228
377 229
377 230
377 231
377 232
377 233
377 234
377 235
377 236
377 237
377 238
377 239
377 240
377 241
377 242
377 243
377 244
377 245
377 246
377 247
377 248
377 249
377 250
377 251
377 252
377 253
377 254
378 254
378 255
378 256
379 256
379 257
379 258
380 258
380 259
381 259
382 259
383 259
383 260
384 260
385 260
386 260
387 260
388 260
389 260
390 260
391 260
392 260
393 260
394 260
395 260
396 260
397 260
398 260
399 260
400 260
401 260
402 260
403 260
403 261
404 261
405 261
405 262
406 262
407 262
407 263
408 263
409 263
409 264
410 264
411 264
411 265
412 265
413 265
413 266
414 266
415 266
415 267
416 267
417 267
417 268
418 268
419 268
419 269
420 269
421 269
421 270
422 270
423 270
423 271
424 271
425 271
425 272
426 272
427 272
427 273
428 273
429 273
430 273
430 274
431 274
432 274
433 274
434 274
435 274
436 274
437 274
438 274
439 274
440 274
441 274
442 274
443 274
444 274
445 274
446 274
447 274
448 274
449 274
450 274
451 274
452 274
453 274
454 274
455 274
456 274
457 274
458 274
459 274
460 274
461 274
462 274
463 274
463 275
464 275
464 276
465 276
465 277
466 277
466 278
467 278
467 279
468 279
468 280
469 280
469 281
470 281
470 282
471 282
471 283
472 283
472 284
473 284
473 285
474 285
474 286
475 286
475 287
476 287
476 288
477 288
477 289
478 289
478 290
479 290
479 291
480 291
480 292
481 292
481 293
482 293
482 294
483 294
483 295
484 295
484 296
485 296
485 297
486 297
486 298
487 298
487 299
488 299
488 300
489 300
