264 85
265 86
265 87
265 88
265 89
265 90
265 91
265 92
265 93
265 94
265 95
265 96
265 97
265 98
265 99
265 100
265 101
265 102
265 103
265 104
265 105
265 106
265 107
265 108
265 109
265 110
265 111
265 112
265 113
265 114
265 115
265 116
265 117
265 118
265 119
265 120
265 121
265 122
265 123
265 124
265 125
265 126
265 127
266 127
266 128
266 129
266 130
266 131
266 132
266 133
266 134
266 135
266 136
266 137
266 138
266 139
266 140
266 141
266 142
266 143
266 144
266 145
266 146
266 147
266 148
266 149
266 150
266 151
266 152
266 153
266 154
266 155
266 156
266 157
266 158
266 159
266 160
266 161
266 162
266 163
266 164
266 165
266 166
266 167
266 168
266 169
266 170
266 171
266 172
266 173
266 174
266 175
266 176
266 177
266 178
266 179
266 180
266 181
266 182
266 183
266 184
266 185
266 186
266 187
266 188
266 189
266 190
266 191
266 192
266 193
266 194
266 195
266 196
266 197
266 198
266 199
266 200
266 201
266 202
266 203
266 204
266 205
266 206
266 207
266 208
266 209
266 210
266 211
266 212
266 213
266 214
266 215
266 216
266 217
266 218
266 219
266 220
266 221
266 222
266 223
266 224
266 225
266 226
266 227
266 228
266 229
266 230
266 231
266 232
266 233
266 234
266 235
266 236
266 237
266 238
266 239
266 240
266 241
266 242
266 243
266 244
266 245
266 246
266 247
266 248
266 249
266 250
266 251
266 252
266 253
266 254
266 255
266 256
266 257
266 258
266 259
266 260
266 261
266 262
266 263
266 264
266 265
266 266
266 267
266 268
266 269
266 270
266 271
266 272
266 273
266 274
266 275
266 276
266 277
266 278
266 279
266 280
266 281
266 282
266 283
266 284
266 285
266 286
266 287
266 288
266 289
266 290
266 291
266 292
266 293
266 294
266 295
266 296
266 297
266 298
266 299
266 300
266 301
266 302
266 303
266 304
266 305
266 306
266 307
266 308
266 309
266 310
266 311
266 312
266 313
266 314
266 315
266 316
266 317
266 318
266 319
266 320
266 321
266 322
266 323
266 324
266 325
267 325
268 325
268 326
268 327
269 327
270 327
270 328
270 329
271 329
272 329
272 330
272 331
273 331
274 331
274 332
274 333
275 333
276 333
276 334
276 335
277 335
278 335
278 336
278 337
279 337
280 337
280 338
280 339
281 339
282 339
282 340
282 341
283 341
284 341
284 342
284 343
285 343
286 343
286 344
286 345
287 345
288 345
288 346
288 347
289 347
290 347
290 348
290 349
291 349
292 349
292 350
293 350
293 351
294 351
294 352
295 352
295 353
295 354
296 354
296 355
297 355
297 356
298 356
299 356
299 357
300 357
300 358
301 358
301 359
302 359
302 360
303 360
303 361
304 361
304 362
305 362
305 363
306 363
306 364
306 365
307 365
307 366
308 366
308 367
309 367
309 368
310 368
310 369
311 369
311 370
312 370
313 370
313 371
314 371
314 372
315 372
315 373
315 374
316 374
316 375
317 375
317 376
318 376
318 377
319 377
319 378
320 378
320 379
321 379
321 380
322 380
322 381
323 381
324 381
324 382
325 382
325 383
326 383
326 384
327 384
327 385
328 385
328 386
329 386
329 387
330 387
330 388
331 388
331 389
331 390
332 390
333 390
333 391
334 391
334 392
335 392
335 393
335 394
336 394
337 394
337 395
338 395
338 396
338 397
339 397
339 398
340 398
341 398
341 399
342 399
342 400
342 401
343 401
343 402
344 402
345 402
345 403
345 404
346 404
346 405
347 405
347 406
348 406
349 406
349 407
350 407
350 408
350 409
351 409
351 410
352 410
353 410
353 411
353 412
354 412
355 412
355 413
355 414
356 414
357 414
357 415
357 416
358 416
359 416
359 417
359 418
360 418
361 418
361 419
361 420
362 420
363 420
363 421
363 422
364 422
365 422
365 423
365 424
366 424
367 424
367 425
367 426
368 426
369 426
369 427
369 428
370 428
371 428
371 429
372 429
372 430
373 430
373 431
374 431
374 432
374 433
375 433
376 433
376 434
377 434
377 435
378 435
378 436
379 436
379 437
379 438
380 438
380 439
381 439
381 440
382 440
382 441
383 441
