292 289
292 288
292 287
292 286
292 285
292 284
292 283
292 282
292 281
292 280
292 279
292 278
292 277
292 276
292 275
292 274
292 273
292 272
293 272
293 271
294 271
294 270
295 270
295 269
296 269
296 268
297 268
297 267
298 267
298 266
299 266
300 266
301 266
301 265
302 265
303 265
304 265
305 265
306 265
307 265
308 265
309 265
310 265
311 265
312 265
313 265
314 265
315 265
316 265
317 265
317 264
318 264
319 264
320 264
321 264
322 264
323 264
324 264
325 264
326 264
327 264
328 264
329 264
330 264
331 264
332 264
332 263
333 263
334 263
335 263
336 263
337 263
338 263
339 263
339 262
340 262
341 262
341 261
342 261
343 261
343 260
343 259
344 259
344 258
344 257
345 257
345 256
345 255
345 254
345 253
344 253
344 252
344 251
343 251
343 250
343 249
342 249
341 249
341 248
340 248
339 248
339 247
338 247
337 247
336 247
335 247
334 247
333 247
332 247
331 247
330 247
329 247
328 247
327 247
326 247
325 247
324 247
323 247
322 247
321 247
320 247
319 247
319 246
