375 282
374 282
373 282
372 282
371 282
370 282
369 282
368 282
367 282
366 282
365 282
364 282
363 282
362 282
361 282
360 282
359 282
358 282
357 282
356 282
355 282
354 282
353 282
352 282
351 282
350 282
349 282
348 282
347 282
346 282
345 282
344 282
343 282
342 282
341 282
340 282
339 282
338 282
337 282
336 282
335 282
334 282
333 282
332 282
331 282
330 282
329 282
328 282
327 282
326 282
325 282
324 282
323 282
322 282
321 282
320 282
319 282
318 282
317 282
316 282
315 282
314 282
313 282
312 282
311 282
310 282
309 282
308 282
307 282
306 282
305 282
304 282
303 282
302 282
301 282
300 282
299 282
298 282
297 282
296 282
296 281
295 281
295 280
294 280
294 279
293 279
293 278
292 278
292 277
291 277
291 276
290 276
290 275
289 275
289 274
288 274
288 273
287 273
287 272
286 272
286 271
285 271
285 270
284 270
284 269
283 269
283 268
282 268
282 267
281 267
281 266
280 266
280 265
279 265
279 264
278 264
278 263
277 263
277 262
276 262
276 261
275 261
275 260
274 260
274 259
273 259
273 258
272 258
272 257
271 257
271 256
270 256
270 255
