494 437
494 436
494 435
494 434
494 433
494 432
494 431
494 430
494 429
494 428
494 427
494 426
494 425
494 424
494 423
494 422
494 421
493 421
492 421
491 421
490 421
489 421
488 421
487 421
486 421
485 421
484 421
483 421
482 421
481 421
480 421
479 421
478 421
477 421
476 421
475 421
474 421
473 421
472 421
471 421
470 421
469 421
468 421
468 420
467 420
466 420
465 420
464 420
463 420
462 420
461 420
460 420
459 420
458 420
457 420
456 420
455 420
454 420
453 420
452 420
451 420
451 419
450 419
449 419
448 419
447 419
447 418
446 418
446 417
445 417
445 416
445 415
445 414
445 413
445 412
445 411
445 410
445 409
445 408
445 407
445 406
445 405
444 405
444 404
444 403
444 402
444 401
444 400
444 399
444 398
444 397
444 396
444 395
444 394
444 393
444 392
444 391
444 390
444 389
444 388
444 387
444 386
444 385
444 384
444 383
444 382
444 381
443 381
443 380
443 379
442 379
442 378
442 377
441 377
440 377
439 377
438 377
438 376
437 376
437 375
436 375
436 374
436 373
435 373
435 372
435 371
435 370
435 369
434 369
434 368
434 367
434 366
434 365
434 364
434 363
434 362
434 361
434 360
434 359
433 359
433 358
433 357
433 356
433 355
433 354
433 353
433 352
433 351
433 350
433 349
433 348
433 347
433 346
433 345
433 344
433 343
433 342
433 341
433 340
433 339
433 338
433 337
433 336
433 335
433 334
433 333
433 332
433 331
433 330
433 329
433 328
432 328
431 328
430 328
429 328
428 328
427 328
426 328
425 328
424 328
423 328
422 328
421 328
420 328
419 328
418 328
417 328
416 328
415 328
414 328
413 328
412 328
411 328
410 328
409 328
408 328
407 328
406 328
405 328
404 328
403 328
402 328
401 328
400 328
399 328
398 328
397 328
396 328
395 328
394 328
393 328
392 328
391 328
390 328
389 328
388 328
387 328
386 328
385 328
384 328
383 328
382 328
382 327
381 327
380 327
380 326
379 326
378 326
378 325
378 324
377 324
377 323
377 322
376 322
376 321
376 320
376 319
376 318
376 317
376 316
376 315
376 314
376 313
376 312
376 311
376 310
376 309
376 308
376 307
376 306
376 305
376 304
376 303
376 302
376 301
376 300
376 299
376 298
376 297
376 296
376 295
376 294
376 293
376 292
376 291
376 290
376 289
376 288
376 287
376 286
376 285
376 284
376 283
376 282
376 281
376 280
376 279
376 278
376 277
376 276
376 275
376 274
376 273
376 272
376 271
376 270
376 269
376 268
376 267
376 266
376 265
376 264
376 263
376 262
376 261
376 260
376 259
376 258
376 257
376 256
376 255
376 254
376 253
376 252
375 252
375 251
374 251
374 250
373 250
373 249
372 249
372 248
371 248
371 247
370 247
370 246
369 246
369 245
368 245
368 244
367 244
367 243
366 243
366 242
365 242
365 241
364 241
364 240
363 240
363 239
362 239
362 238
361 238
361 237
360 237
360 236
359 236
359 235
358 235
358 234
357 234
357 233
356 233
356 232
355 232
355 231
354 231
354 230
353 230
353 229
352 229
352 228
351 228
351 227
350 227
350 226
349 226
349 225
348 225
348 224
347 224
347 223
346 223
346 222
345 222
345 221
344 221
344 220
343 220
343 219
342 219
342 218
341 218
341 217
340 217
340 216
339 216
339 215
338 215
338 214
337 214
337 213
336 213
336 212
335 212
335 211
334 211
334 210
333 210
333 209
332 209
332 208
331 208
331 207
330 207
330 206
329 206
329 205
328 205
328 204
327 204
327 203
326 203
326 202
325 202
325 201
324 201
324 200
323 200
323 199
322 199
322 198
321 198
321 197
320 197
320 196
319 196
319 195
318 195
318 194
317 194
317 193
316 193
316 192
315 192
315 191
314 191
314 190
313 190
313 189
312 189
312 188
311 188
311 187
310 187
310 186
309 186
309 185
308 185
308 184
307 184
307 183
306 183
306 182
305 182
305 181
304 181
304 180
303 180
303 179
302 179
302 178
301 178
301 177
300 177
300 176
299 176
299 175
299 174
299 173
299 172
299 171
299 170
299 169
299 168
299 167
299 166
299 165
299 164
299 163
299 162
299 161
299 160
299 159
299 158
299 157
299 156
299 155
299 154
299 153
299 152
299 151
298 151
298 150
298 149
297 149
297 148
297 147
296 147
295 147
295 146
294 146
293 146
293 145
292 145
291 145
290 145
289 145
288 145
287 145
286 145
285 145
284 145
283 145
282 145
281 145
280 145
279 145
278 145
277 145
276 145
275 145
274 145
273 145
272 145
271 145
270 145
269 145
268 145
268 144
267 144
267 143
266 143
266 142
265 142
265 141
264 141
264 140
263 140
263 139
262 139
262 138
261 138
261 137
260 137
260 136
259 136
259 135
258 135
258 134
257 134
257 133
256 133
256 132
255 132
255 131
254 131
254 130
253 130
253 129
252 129
252 128
251 128
251 127
250 127
250 126
249 126
248 126
247 126
246 126
245 126
244 126
243 126
242 126
241 126
240 126
239 126
238 126
237 126
236 126
235 126
234 126
233 126
232 126
231 126
230 126
229 126
229 125
228 125
227 125
226 125
225 125
224 125
223 125
222 125
221 125
220 125
219 125
218 125
217 125
216 125
215 125
214 125
213 125
212 125
211 125
210 125
209 125
208 125
207 125
206 125
205 125
204 125
204 124
203 124
202 124
202 123
202 122
202 121
202 120
202 119
202 118
201 118
201 117
201 116
201 115
201 114
201 113
201 112
201 111
201 110
201 109
201 108
201 107
201 106
201 105
200 105
200 104
200 103
200 102
200 101
199 101
199 100
199 99
199 98
199 97
198 97
198 96
198 95
198 94
198 93
198 92
197 92
196 92
195 92
194 92
193 92
193 91
192 91
191 91
190 91
189 91
188 91
187 91
186 91
185 91
184 91
183 91
182 91
181 91
180 91
179 91
178 91
177 91
176 91
176 90
176 89
177 89
177 88
178 88
178 87
179 87
179 86
180 86
180 85
181 85
181 84
182 84
182 83
183 83
183 82
184 82
184 81
185 81
185 80
186 80
186 79
187 79
187 78
188 78
188 77
189 77
189 76
190 76
190 75
191 75
191 74
192 74
192 73
193 73
193 72
194 72
194 71
195 71
