36 289
37 290
38 290
39 290
40 290
41 290
42 290
43 290
44 290
45 290
46 290
47 290
48 290
49 290
50 290
51 290
52 290
53 290
54 290
55 290
56 290
57 290
58 290
59 290
60 290
61 290
62 290
63 290
64 290
65 290
66 290
67 290
68 290
69 290
70 290
71 290
72 290
73 290
74 290
75 290
76 290
77 290
78 290
79 290
80 290
81 290
82 290
83 290
84 290
85 290
86 290
87 290
88 290
89 290
90 290
91 290
92 290
93 290
94 290
95 290
96 290
97 290
98 290
99 290
100 290
101 290
102 290
103 290
104 290
105 290
106 290
107 290
108 290
109 290
110 290
111 290
112 290
113 290
114 290
115 290
116 290
117 290
118 290
119 290
120 290
121 290
122 290
123 290
124 290
125 290
126 290
127 290
128 290
129 290
130 290
131 290
132 290
133 290
134 290
135 290
136 290
137 290
138 290
139 290
140 290
141 290
142 290
143 290
144 290
145 290
146 290
147 290
148 290
149 290
150 290
151 290
152 290
153 290
154 290
155 290
156 290
157 290
158 290
159 290
160 290
161 290
162 290
163 290
164 290
165 290
166 290
167 290
168 290
169 290
170 290
171 290
172 290
173 290
174 290
175 290
176 290
177 290
178 290
179 290
180 290
181 290
182 290
183 290
184 290
185 290
186 290
187 290
188 290
189 290
190 290
191 290
192 290
193 290
194 290
194 291
195 291
196 291
197 291
198 291
199 291
200 291
201 291
202 291
203 291
204 291
205 291
206 291
207 291
208 291
209 291
210 291
211 291
212 291
213 291
214 291
215 291
216 291
217 291
218 291
219 291
220 291
221 291
222 291
223 291
224 291
225 291
226 291
227 291
228 291
229 291
230 291
231 291
232 291
233 291
234 291
235 291
236 291
237 291
238 291
239 291
240 291
241 291
242 291
243 291
244 291
245 291
246 291
247 291
248 291
249 291
250 291
251 291
252 291
253 291
254 291
255 291
256 291
257 291
258 291
259 291
260 291
261 291
262 291
263 291
264 291
265 291
266 291
267 291
268 291
269 291
270 291
271 291
272 291
273 291
274 291
275 291
276 291
277 291
278 291
279 291
280 291
281 291
282 291
283 291
284 291
285 291
286 291
287 291
288 291
289 291
290 291
291 291
292 291
293 291
294 291
295 291
296 291
297 291
298 291
299 291
299 292
300 292
300 293
301 293
301 294
302 294
302 295
303 295
303 296
304 296
304 297
305 297
305 298
306 298
306 299
307 299
307 300
308 300
308 301
309 301
309 302
310 302
310 303
311 303
311 304
312 304
312 305
313 305
313 306
314 306
314 307
315 307
315 308
316 308
316 309
317 309
317 310
318 310
318 311
319 311
320 311
321 311
322 311
323 311
324 311
325 311
326 311
327 311
328 311
329 311
330 311
331 311
331 310
332 310
333 310
334 310
335 310
336 310
337 310
338 310
339 310
340 310
341 310
342 310
343 310
344 310
345 310
345 311
346 311
347 311
347 312
348 312
349 312
349 313
349 314
350 314
350 315
350 316
351 316
351 317
351 318
351 319
351 320
351 321
351 322
351 323
351 324
351 325
351 326
351 327
351 328
351 329
351 330
351 331
351 332
351 333
351 334
351 335
351 336
351 337
351 338
351 339
351 340
351 341
351 342
351 343
351 344
352 344
352 345
353 345
353 346
354 346
354 347
355 347
355 348
356 348
356 349
357 349
357 350
358 350
358 351
359 351
359 352
360 352
360 353
361 353
