30 319
30 318
30 317
30 316
30 315
30 314
30 313
30 312
30 311
30 310
30 309
30 308
30 307
30 306
30 305
30 304
30 303
30 302
30 301
30 300
30 299
30 298
30 297
30 296
30 295
30 294
30 293
30 292
30 291
30 290
30 289
30 288
30 287
30 286
30 285
30 284
30 283
30 282
30 281
30 280
30 279
30 278
30 277
30 276
30 275
30 274
30 273
30 272
30 271
30 270
30 269
31 269
31 268
31 267
31 266
31 265
31 264
31 263
31 262
31 261
31 260
31 259
31 258
31 257
31 256
31 255
31 254
31 253
31 252
31 251
31 250
31 249
31 248
31 247
31 246
31 245
31 244
31 243
31 242
31 241
31 240
31 239
31 238
31 237
31 236
31 235
31 234
31 233
31 232
31 231
31 230
31 229
31 228
31 227
31 226
31 225
31 224
32 224
32 223
32 222
33 222
34 222
34 221
34 220
35 220
36 220
36 219
36 218
37 218
38 218
38 217
38 216
39 216
40 216
40 215
41 215
41 214
41 213
41 212
41 211
41 210
41 209
41 208
41 207
42 207
42 206
43 206
43 205
44 205
45 205
46 205
47 205
48 205
49 205
50 205
50 204
51 204
