280 402
280 401
280 400
280 399
280 398
280 397
280 396
280 395
280 394
280 393
280 392
280 391
280 390
280 389
280 388
280 387
280 386
280 385
280 384
280 383
280 382
280 381
280 380
280 379
280 378
280 377
280 376
280 375
280 374
280 373
280 372
280 371
280 370
280 369
280 368
280 367
280 366
280 365
280 364
280 363
280 362
280 361
280 360
280 359
280 358
280 357
280 356
280 355
280 354
280 353
280 352
280 351
280 350
280 349
280 348
280 347
280 346
280 345
280 344
280 343
280 342
280 341
280 340
280 339
280 338
280 337
280 336
280 335
280 334
280 333
280 332
280 331
280 330
280 329
280 328
280 327
280 326
280 325
280 324
280 323
280 322
280 321
280 320
280 319
280 318
280 317
280 316
280 315
280 314
280 313
280 312
280 311
280 310
280 309
280 308
280 307
280 306
280 305
280 304
280 303
280 302
280 301
280 300
280 299
280 298
280 297
280 296
280 295
280 294
280 293
280 292
280 291
280 290
280 289
280 288
280 287
280 286
280 285
280 284
280 283
280 282
280 281
280 280
280 279
280 278
280 277
280 276
280 275
280 274
280 273
280 272
280 271
280 270
280 269
280 268
280 267
280 266
280 265
280 264
281 264
281 263
282 263
282 262
283 262
283 261
283 260
283 259
283 258
283 257
283 256
283 255
283 254
283 253
283 252
283 251
283 250
283 249
283 248
283 247
283 246
283 245
283 244
283 243
283 242
283 241
283 240
283 239
283 238
283 237
283 236
283 235
283 234
283 233
283 232
283 231
283 230
283 229
283 228
283 227
283 226
283 225
283 224
283 223
283 222
283 221
283 220
283 219
283 218
283 217
283 216
283 215
283 214
283 213
283 212
283 211
283 210
283 209
283 208
283 207
283 206
283 205
283 204
283 203
283 202
283 201
283 200
283 199
283 198
283 197
283 196
283 195
283 194
283 193
283 192
283 191
283 190
283 189
283 188
283 187
283 186
283 185
283 184
283 183
283 182
283 181
283 180
283 179
283 178
283 177
283 176
283 175
283 174
283 173
283 172
283 171
283 170
283 169
283 168
283 167
283 166
283 165
283 164
283 163
283 162
283 161
283 160
283 159
283 158
283 157
283 156
283 155
283 154
283 153
283 152
283 151
284 151
284 150
284 149
285 149
285 148
285 147
286 147
287 147
287 146
288 146
289 146
289 145
290 145
291 145
292 145
293 145
294 145
295 145
296 145
297 145
298 145
299 145
300 145
301 145
302 145
303 145
304 145
305 145
306 145
307 145
308 145
309 145
310 145
311 145
312 145
313 145
314 145
315 145
316 145
317 145
318 145
319 145
320 145
321 145
322 145
323 145
324 145
325 145
326 145
327 145
328 145
329 145
330 145
331 145
332 145
333 145
334 145
335 145
336 145
337 145
338 145
339 145
340 145
341 145
342 145
343 145
344 145
345 145
346 145
347 145
348 145
348 146
348 147
348 148
349 148
349 149
349 150
349 151
349 152
349 153
349 154
349 155
350 155
350 156
351 156
351 157
352 157
352 158
352 159
353 159
354 159
355 159
355 160
356 160
357 160
358 160
358 161
359 161
360 161
361 161
361 162
362 162
363 162
364 162
364 163
365 163
366 163
367 163
367 164
368 164
369 164
370 164
370 165
371 165
372 165
373 165
373 166
374 166
375 166
376 166
376 165
377 165
378 165
378 164
379 164
380 164
380 163
381 163
382 163
382 164
383 164
384 164
385 164
386 164
387 164
388 164
389 164
390 164
391 164
392 164
393 164
394 164
395 164
396 164
397 164
398 164
399 164
400 164
401 164
402 164
403 164
404 164
405 164
406 164
407 164
408 164
409 164
410 164
411 164
412 164
413 164
414 164
415 164
416 164
417 164
418 164
419 164
420 164
421 164
422 164
423 164
424 164
425 164
426 164
427 164
428 164
429 164
430 164
431 164
432 164
433 164
434 164
435 164
436 164
437 164
438 164
439 164
440 164
441 164
442 164
443 164
444 164
445 164
446 164
447 164
448 164
449 164
450 164
451 164
452 164
453 164
454 164
455 164
456 164
457 164
458 164
459 164
460 164
461 164
462 164
463 164
464 164
465 164
466 164
467 164
468 164
469 164
469 163
470 163
470 162
471 162
471 161
472 161
472 160
472 159
472 158
472 157
472 156
472 155
472 154
472 153
472 152
472 151
472 150
472 149
472 148
472 147
472 146
472 145
472 144
472 143
472 142
472 141
472 140
472 139
472 138
472 137
472 136
472 135
472 134
472 133
472 132
472 131
472 130
472 129
472 128
472 127
472 126
472 125
472 124
472 123
472 122
472 121
472 120
472 119
472 118
472 117
472 116
472 115
472 114
472 113
472 112
472 111
472 110
472 109
472 108
472 107
472 106
472 105
472 104
472 103
472 102
472 101
472 100
472 99
472 98
472 97
472 96
472 95
472 94
472 93
472 92
472 91
472 90
472 89
472 88
472 87
472 86
472 85
472 84
472 83
472 82
472 81
472 80
472 79
472 78
472 77
472 76
472 75
472 74
472 73
472 72
473 72
473 71
474 71
474 70
475 70
475 69
476 69
476 68
477 68
477 67
478 67
478 66
479 66
479 65
480 65
480 64
481 64
481 63
482 63
482 62
483 62
483 61
484 61
484 60
485 60
485 59
486 59
