178 293
178 292
178 291
178 290
178 289
178 288
178 287
178 286
178 285
178 284
178 283
178 282
178 281
178 280
178 279
178 278
178 277
178 276
178 275
178 274
178 273
178 272
178 271
178 270
178 269
178 268
178 267
179 267
180 267
181 267
182 267
183 267
184 267
185 267
186 267
187 267
188 267
189 267
190 267
191 267
192 267
193 267
194 267
195 267
196 267
197 267
198 267
199 267
200 267
201 267
202 267
203 267
204 267
205 267
206 267
207 267
208 267
209 267
210 267
211 267
212 267
213 267
213 266
214 266
215 266
215 265
216 265
217 265
217 264
217 263
218 263
218 262
218 261
219 261
219 260
219 259
219 258
219 257
219 256
219 255
219 254
219 253
219 252
219 251
219 250
219 249
219 248
219 247
219 246
219 245
219 244
219 243
219 242
219 241
219 240
219 239
219 238
219 237
219 236
219 235
219 234
219 233
219 232
219 231
219 230
219 229
219 228
219 227
219 226
219 225
219 224
219 223
219 222
219 221
219 220
219 219
219 218
219 217
219 216
219 215
219 214
219 213
219 212
219 211
219 210
219 209
219 208
219 207
219 206
219 205
219 204
219 203
219 202
219 201
219 200
219 199
219 198
219 197
219 196
219 195
219 194
219 193
219 192
219 191
219 190
219 189
219 188
219 187
219 186
219 185
219 184
219 183
219 182
219 181
219 180
219 179
219 178
219 177
219 176
219 175
219 174
219 173
219 172
219 171
219 170
219 169
219 168
219 167
219 166
219 165
219 164
219 163
219 162
219 161
219 160
219 159
219 158
219 157
219 156
219 155
219 154
219 153
219 152
219 151
219 150
219 149
219 148
219 147
219 146
219 145
219 144
219 143
219 142
219 141
219 140
219 139
219 138
219 137
219 136
219 135
219 134
219 133
219 132
219 131
219 130
219 129
219 128
219 127
219 126
219 125
220 125
220 124
221 124
221 125
222 125
223 125
224 125
225 125
226 125
227 125
228 125
229 125
230 125
231 125
232 125
233 125
234 125
235 125
236 125
237 125
238 125
239 125
240 125
241 125
242 125
243 125
244 125
244 126
245 126
246 126
247 126
248 126
249 126
250 126
251 126
252 126
253 126
254 126
255 126
256 126
257 126
258 126
258 125
259 125
260 125
261 125
262 125
263 125
264 125
265 125
266 125
267 125
268 125
269 125
270 125
271 125
272 125
273 125
274 125
275 125
276 125
277 125
278 125
279 125
280 125
281 125
282 125
283 125
284 125
285 125
286 125
287 125
288 125
289 125
290 125
290 126
291 126
292 126
293 126
294 126
294 125
295 125
296 125
296 124
297 124
298 124
298 123
298 122
299 122
299 121
299 120
300 120
300 119
300 118
300 117
300 116
300 115
300 114
300 113
300 112
300 111
300 110
300 109
300 108
300 107
300 106
300 105
300 104
300 103
300 102
300 101
300 100
300 99
300 98
300 97
300 96
300 95
300 94
300 93
300 92
300 91
300 90
300 89
300 88
300 87
300 86
300 85
300 84
300 83
300 82
300 81
300 80
300 79
300 78
300 77
300 76
300 75
300 74
300 73
300 72
300 71
300 70
300 69
300 68
300 67
300 66
300 65
300 64
300 63
300 62
300 61
300 60
300 59
300 58
300 57
300 56
300 55
300 54
300 53
300 52
300 51
300 50
300 49
300 48
300 47
300 46
300 45
300 44
301 44
301 43
302 43
302 42
303 42
303 41
304 41
