113 22
114 23
114 24
114 25
114 26
114 27
114 28
114 29
114 30
114 31
114 32
114 33
114 34
114 35
114 36
114 37
114 38
114 39
114 40
114 41
114 42
114 43
114 44
114 45
114 46
114 47
114 48
114 49
114 50
114 51
114 52
114 53
114 54
114 55
114 56
114 57
114 58
114 59
114 60
114 61
114 62
114 63
114 64
114 65
114 66
114 67
114 68
114 69
114 70
114 71
114 72
115 72
115 73
115 74
115 75
115 76
115 77
115 78
115 79
115 80
115 81
115 82
115 83
115 84
115 85
115 86
116 86
116 87
117 87
117 88
117 89
117 90
117 91
117 92
117 93
117 94
117 95
117 96
117 97
117 98
117 99
117 100
117 101
117 102
117 103
117 104
117 105
117 106
117 107
117 108
117 109
117 110
117 111
117 112
117 113
117 114
117 115
118 115
118 116
118 117
118 118
118 119
118 120
118 121
118 122
118 123
118 124
118 125
118 126
118 127
118 128
118 129
118 130
119 130
119 131
119 132
119 133
119 134
120 134
120 135
121 135
121 136
121 137
121 138
121 139
121 140
122 140
123 140
124 140
125 140
126 140
127 140
128 140
129 140
130 140
131 140
132 140
133 140
133 141
134 141
135 141
136 141
136 142
137 142
138 142
139 142
140 142
140 143
141 143
142 143
143 143
144 143
145 143
145 144
146 144
147 144
148 144
149 144
150 144
151 144
152 144
153 144
154 144
155 144
156 144
157 144
157 145
158 145
158 146
159 146
160 146
161 146
162 146
163 146
164 146
165 146
166 146
167 146
168 146
169 146
170 146
171 146
172 146
173 146
174 146
175 146
176 146
177 146
178 146
179 146
180 146
181 146
182 146
183 146
184 146
185 146
186 146
187 146
188 146
189 146
190 146
191 146
192 146
193 146
194 146
195 146
196 146
197 146
198 146
199 146
200 146
201 146
202 146
203 146
204 146
205 146
206 146
207 146
208 146
208 147
209 147
210 147
210 148
211 148
212 148
212 149
212 150
213 150
213 151
213 152
214 152
214 153
214 154
214 155
214 156
215 156
215 157
215 158
215 159
215 160
216 160
216 161
216 162
216 163
216 164
216 165
217 165
217 166
217 167
218 167
218 168
218 169
218 170
218 171
218 172
218 173
218 174
219 174
219 175
219 176
219 177
219 178
219 179
219 180
219 181
219 182
219 183
219 184
219 185
219 186
219 187
219 188
219 189
219 190
219 191
219 192
219 193
219 194
219 195
219 196
219 197
219 198
219 199
219 200
219 201
219 202
219 203
219 204
219 205
219 206
219 207
219 208
219 209
219 210
219 211
219 212
219 213
219 214
219 215
219 216
219 217
219 218
219 219
219 220
219 221
219 222
219 223
219 224
219 225
219 226
219 227
219 228
219 229
219 230
219 231
219 232
219 233
219 234
219 235
219 236
219 237
219 238
219 239
219 240
219 241
219 242
219 243
219 244
219 245
219 246
219 247
219 248
219 249
219 250
219 251
219 252
219 253
219 254
219 255
219 256
219 257
219 258
219 259
219 260
219 261
219 262
219 263
219 264
219 265
219 266
219 267
219 268
219 269
219 270
219 271
219 272
219 273
219 274
219 275
219 276
219 277
219 278
219 279
219 280
219 281
219 282
219 283
219 284
219 285
219 286
219 287
219 288
219 289
219 290
219 291
219 292
219 293
219 294
219 295
219 296
219 297
219 298
219 299
219 300
219 301
219 302
219 303
219 304
219 305
219 306
219 307
219 308
219 309
219 310
219 311
219 312
219 313
219 314
219 315
219 316
219 317
219 318
219 319
219 320
219 321
219 322
219 323
219 324
219 325
219 326
219 327
219 328
219 329
219 330
219 331
219 332
219 333
219 334
219 335
219 336
219 337
219 338
219 339
219 340
219 341
219 342
219 343
219 344
219 345
219 346
219 347
219 348
219 349
219 350
219 351
219 352
219 353
219 354
219 355
219 356
219 357
219 358
219 359
219 360
219 361
219 362
219 363
219 364
219 365
219 366
219 367
219 368
219 369
219 370
219 371
219 372
219 373
219 374
219 375
219 376
219 377
219 378
219 379
219 380
219 381
219 382
219 383
219 384
219 385
219 386
219 387
219 388
219 389
219 390
219 391
219 392
219 393
219 394
219 395
219 396
219 397
219 398
219 399
219 400
219 401
219 402
219 403
219 404
219 405
219 406
219 407
219 408
219 409
219 410
219 411
219 412
219 413
219 414
219 415
219 416
219 417
219 418
219 419
219 420
219 421
219 422
219 423
219 424
219 425
219 426
219 427
219 428
220 428
220 429
220 430
221 430
222 430
222 431
222 432
223 432
224 432
224 433
224 434
225 434
226 434
226 435
226 436
227 436
228 436
228 437
228 438
229 438
230 438
230 439
230 440
231 440
232 440
232 441
232 442
233 442
234 442
234 443
234 444
235 444
236 444
236 445
236 446
237 446
238 446
238 447
238 448
239 448
240 448
240 449
240 450
241 450
242 450
242 451
242 452
243 452
244 452
244 453
244 454
245 454
246 454
246 455
246 456
247 456
248 456
248 457
248 458
249 458
250 458
250 459
250 460
251 460
252 460
252 461
252 462
253 462
254 462
254 463
254 464
255 464
256 464
256 465
256 466
257 466
258 466
258 467
258 468
259 468
260 468
260 469
260 470
261 470
262 470
262 471
262 472
263 472
264 472
264 473
264 474
265 474
