374 295
374 296
374 297
374 298
374 299
374 300
374 301
374 302
374 303
374 304
374 305
374 306
374 307
374 308
374 309
374 310
373 310
372 310
371 310
370 310
369 310
368 310
367 310
366 310
365 310
364 310
363 310
362 310
361 310
360 310
359 310
358 310
357 310
356 310
355 310
354 310
353 310
352 310
351 310
350 310
349 310
348 310
347 310
346 310
345 310
344 310
343 310
342 310
341 310
340 310
339 310
338 310
337 310
336 310
335 310
334 310
333 310
332 310
331 310
331 311
330 311
329 311
328 311
327 311
326 311
325 311
324 311
323 311
322 311
321 311
320 311
319 311
318 311
317 311
316 311
315 311
314 311
313 311
312 311
311 311
310 311
309 311
308 311
307 311
307 312
306 312
305 312
304 312
303 312
302 312
301 312
300 312
299 312
298 312
297 312
296 312
295 312
295 313
294 313
293 313
293 314
292 314
291 314
291 315
291 316
290 316
290 317
290 318
289 318
289 319
289 320
289 321
289 322
289 323
289 324
289 325
289 326
289 327
289 328
289 329
289 330
289 331
289 332
289 333
289 334
289 335
289 336
289 337
289 338
289 339
289 340
289 341
289 342
289 343
289 344
289 345
289 346
289 347
289 348
289 349
289 350
289 351
289 352
289 353
289 354
289 355
289 356
289 357
289 358
289 359
289 360
289 361
289 362
289 363
289 364
289 365
289 366
289 367
289 368
289 369
289 370
289 371
289 372
289 373
289 374
289 375
289 376
289 377
289 378
289 379
289 380
289 381
288 381
287 381
287 382
286 382
285 382
285 383
284 383
283 383
283 384
283 385
282 385
282 386
282 387
281 387
281 388
281 389
281 390
281 391
281 392
281 393
281 394
281 395
281 396
281 397
281 398
281 399
281 400
281 401
281 402
281 403
281 404
281 405
281 406
281 407
281 408
281 409
281 410
281 411
281 412
281 413
281 414
281 415
281 416
281 417
281 418
281 419
281 420
281 421
281 422
281 423
280 423
280 424
