143 205
143 206
143 207
143 208
143 209
143 210
143 211
143 212
143 213
143 214
143 215
143 216
143 217
143 218
143 219
143 220
143 221
143 222
143 223
143 224
143 225
143 226
143 227
143 228
143 229
143 230
143 231
143 232
142 232
141 232
140 232
139 232
138 232
137 232
137 233
136 233
136 234
135 234
135 235
135 236
135 237
135 238
135 239
135 240
135 241
135 242
135 243
135 244
135 245
135 246
135 247
135 248
135 249
135 250
135 251
135 252
134 252
133 252
132 252
131 252
130 252
129 252
128 252
127 252
126 252
125 252
124 252
123 252
122 252
121 252
120 252
119 252
118 252
117 252
116 252
115 252
114 252
113 252
112 252
111 252
110 252
109 252
108 252
107 252
106 252
105 252
105 253
104 253
103 253
102 253
101 253
100 253
99 253
98 253
97 253
96 253
95 253
94 253
93 253
92 253
91 253
90 253
89 253
88 253
87 253
86 253
85 253
84 253
83 253
83 254
82 254
81 254
80 254
79 254
78 254
77 254
76 254
75 254
74 254
73 254
72 254
71 254
70 254
69 254
68 254
68 255
67 255
66 255
66 256
65 256
64 256
64 257
64 258
63 258
63 259
63 260
62 260
62 261
62 262
62 263
62 264
62 265
62 266
62 267
62 268
62 269
62 270
62 271
62 272
62 273
62 274
62 275
62 276
62 277
62 278
62 279
62 280
62 281
62 282
62 283
62 284
62 285
62 286
62 287
62 288
62 289
62 290
62 291
62 292
62 293
62 294
62 295
62 296
62 297
62 298
62 299
62 300
62 301
62 302
62 303
62 304
62 305
62 306
62 307
62 308
62 309
62 310
62 311
62 312
62 313
62 314
62 315
62 316
62 317
62 318
62 319
62 320
63 320
64 320
65 320
66 320
66 321
67 321
68 321
68 322
69 322
70 322
70 323
70 324
71 324
71 325
71 326
72 326
72 327
72 328
72 329
72 330
72 331
72 332
72 333
72 334
72 335
72 336
72 337
72 338
72 339
72 340
72 341
72 342
72 343
72 344
72 345
72 346
72 347
72 348
72 349
72 350
72 351
72 352
72 353
72 354
72 355
72 356
72 357
72 358
72 359
72 360
72 361
72 362
72 363
72 364
72 365
72 366
72 367
72 368
72 369
72 370
72 371
72 372
72 373
72 374
72 375
72 376
72 377
72 378
72 379
72 380
72 381
72 382
72 383
72 384
72 385
72 386
72 387
72 388
72 389
72 390
71 390
71 391
71 392
70 392
69 392
69 393
69 394
68 394
67 394
67 395
67 396
66 396
65 396
65 397
65 398
64 398
63 398
63 399
63 400
62 400
61 400
61 401
61 402
60 402
59 402
59 403
59 404
58 404
58 405
57 405
57 406
56 406
56 407
55 407
55 408
54 408
53 408
53 409
53 410
52 410
51 410
51 411
51 412
50 412
49 412
49 413
49 414
48 414
47 414
47 415
47 416
46 416
45 416
45 417
45 418
44 418
43 418
43 419
43 420
42 420
41 420
41 421
41 422
40 422
39 422
39 423
39 424
38 424
37 424
37 425
37 426
36 426
35 426
35 427
35 428
34 428
33 428
33 429
33 430
32 430
31 430
31 431
31 432
30 432
29 432
29 433
29 434
28 434
27 434
27 435
27 436
26 436
25 436
25 437
