400 44
401 44
402 44
403 44
404 44
405 44
406 44
407 44
408 44
409 44
410 44
411 44
412 44
413 44
414 44
415 44
416 44
417 44
418 44
419 44
420 44
421 44
422 44
423 44
424 44
425 44
426 44
427 44
427 43
428 43
429 43
430 43
431 43
432 43
433 43
434 43
435 43
436 43
437 43
438 43
439 43
440 43
441 43
442 43
443 43
444 43
445 43
446 43
447 43
448 43
448 44
449 44
450 44
451 44
452 44
453 44
454 44
455 44
455 45
456 45
457 45
458 45
459 45
460 45
461 45
462 45
463 45
463 46
464 46
464 47
465 47
465 48
465 49
465 50
465 51
465 52
465 53
465 54
465 55
465 56
465 57
465 58
465 59
465 60
465 61
465 62
465 63
465 64
465 65
465 66
465 67
465 68
465 69
465 70
465 71
465 72
465 73
465 74
465 75
465 76
465 77
465 78
465 79
465 80
465 81
465 82
465 83
465 84
465 85
465 86
465 87
465 88
465 89
465 90
465 91
465 92
465 93
465 94
465 95
465 96
465 97
465 98
465 99
465 100
465 101
465 102
466 102
466 103
466 104
466 105
466 106
466 107
466 108
466 109
466 110
466 111
466 112
466 113
466 114
466 115
466 116
467 116
467 117
467 118
467 119
467 120
467 121
467 122
467 123
467 124
467 125
467 126
467 127
467 128
467 129
467 130
467 131
467 132
468 132
468 133
468 134
468 135
468 136
468 137
469 137
469 138
469 139
469 140
469 141
470 141
470 142
470 143
471 143
471 144
471 145
471 146
471 147
471 148
471 149
472 149
472 150
472 151
472 152
472 153
472 154
472 155
472 156
472 157
472 158
473 158
473 159
474 159
474 160
475 160
475 161
476 161
476 162
477 162
477 163
478 163
478 164
479 164
479 165
480 165
480 166
481 166
481 167
482 167
