262 428
262 427
262 426
262 425
262 424
262 423
262 422
262 421
262 420
262 419
262 418
262 417
262 416
262 415
262 414
262 413
262 412
262 411
262 410
262 409
262 408
262 407
262 406
262 405
262 404
262 403
262 402
262 401
262 400
262 399
262 398
262 397
262 396
262 395
262 394
262 393
262 392
262 391
262 390
262 389
262 388
262 387
262 386
262 385
262 384
262 383
262 382
262 381
262 380
262 379
262 378
262 377
262 376
262 375
262 374
262 373
262 372
262 371
262 370
262 369
262 368
262 367
262 366
262 365
262 364
262 363
262 362
262 361
262 360
262 359
262 358
262 357
262 356
262 355
262 354
262 353
262 352
262 351
262 350
262 349
262 348
263 347
264 346
265 345
266 344
267 343
268 342
269 341
270 340
271 339
272 338
273 337
274 336
275 335
276 334
277 333
278 332
279 331
280 330
281 329
282 328
283 327
284 326
285 325
286 324
287 323
288 322
289 321
289 320
289 319
289 318
290 317
290 316
291 315
292 314
293 314
294 313
295 313
296 312
297 312
298 312
299 312
300 311
301 311
302 311
303 310
304 310
305 309
306 309
307 308
308 308
309 307
310 307
311 306
312 306
313 305
314 305
315 305
316 304
317 304
318 303
319 303
320 302
321 302
322 301
323 301
324 300
325 300
326 300
327 299
328 299
329 298
330 298
331 297
332 297
333 296
334 296
335 295
336 295
337 295
338 294
339 294
340 293
341 293
342 292
343 292
344 291
345 291
346 290
347 290
348 290
349 289
350 289
351 288
352 288
353 287
354 287
355 286
356 286
357 285
358 285
359 285
360 284
361 284
362 283
363 283
364 282
365 282
366 281
367 281
368 280
369 280
370 280
371 279
372 279
373 278
374 278
375 277
376 277
377 276
378 276
379 275
380 275
381 275
382 274
383 274
384 273
385 273
386 272
387 272
388 271
389 270
390 270
