225 110
225 109
225 108
225 107
225 106
225 105
225 104
225 103
225 102
225 101
225 100
225 99
225 98
225 97
225 96
225 95
225 94
225 93
225 92
225 91
225 90
225 89
225 88
225 87
225 86
225 85
225 84
225 83
225 82
225 81
225 80
225 79
225 78
225 77
225 76
225 75
225 74
225 73
225 72
225 71
225 70
225 69
225 68
225 67
225 66
225 65
225 64
225 63
225 62
225 61
225 60
225 59
225 58
225 57
225 56
225 55
225 54
225 53
225 52
225 51
225 50
225 49
225 48
225 47
225 46
225 45
225 44
225 43
225 42
225 41
225 40
225 39
225 38
225 37
225 36
225 35
225 34
225 33
225 32
225 31
225 30
225 29
225 28
225 27
225 26
226 26
226 25
227 25
227 24
228 24
228 23
229 23
229 22
230 22
230 21
231 21
231 20
232 20
232 19
233 19
233 18
234 18
234 17
235 17
