150 297
150 298
150 299
150 300
150 301
150 302
150 303
150 304
150 305
150 306
150 307
150 308
150 309
150 310
150 311
150 312
150 313
150 314
150 315
150 316
150 317
150 318
149 318
148 318
147 318
146 318
145 318
144 318
143 318
142 318
141 318
140 318
139 318
138 318
137 318
137 319
136 319
135 319
134 319
133 319
132 319
131 319
130 319
129 319
128 319
127 319
126 319
125 319
124 319
123 319
122 319
121 319
120 319
119 319
118 319
117 319
116 319
115 319
114 319
113 319
112 319
111 319
110 319
109 319
109 320
108 320
107 320
106 320
105 320
104 320
103 320
102 320
101 320
100 320
99 320
98 320
97 320
96 320
95 320
95 321
94 321
93 321
93 322
92 322
91 322
91 323
91 324
90 324
90 325
90 326
89 326
89 327
89 328
89 329
89 330
89 331
89 332
89 333
89 334
89 335
89 336
89 337
89 338
89 339
89 340
89 341
89 342
89 343
89 344
89 345
89 346
89 347
89 348
89 349
89 350
89 351
89 352
89 353
89 354
89 355
89 356
89 357
89 358
89 359
89 360
89 361
89 362
89 363
89 364
89 365
89 366
89 367
89 368
89 369
89 370
89 371
89 372
89 373
89 374
89 375
89 376
89 377
89 378
89 379
89 380
89 381
89 382
89 383
89 384
89 385
89 386
89 387
89 388
89 389
89 390
89 391
89 392
89 393
89 394
89 395
89 396
89 397
89 398
89 399
89 400
89 401
89 402
89 403
89 404
89 405
89 406
89 407
89 408
89 409
89 410
89 411
89 412
89 413
89 414
89 415
89 416
89 417
89 418
89 419
89 420
89 421
89 422
89 423
89 424
89 425
89 426
89 427
89 428
89 429
89 430
89 431
89 432
89 433
89 434
88 434
88 435
88 436
87 436
86 436
86 437
86 438
85 438
84 438
84 439
84 440
83 440
82 440
82 441
82 442
81 442
80 442
80 443
80 444
79 444
78 444
78 445
