339 63
340 64
340 65
340 66
340 67
340 68
340 69
340 70
340 71
340 72
340 73
340 74
340 75
340 76
340 77
340 78
340 79
340 80
340 81
340 82
340 83
340 84
340 85
340 86
340 87
340 88
340 89
340 90
340 91
340 92
340 93
340 94
340 95
340 96
340 97
340 98
340 99
340 100
340 101
340 102
340 103
340 104
340 105
340 106
340 107
340 108
340 109
340 110
340 111
340 112
340 113
340 114
340 115
340 116
340 117
340 118
340 119
340 120
340 121
340 122
340 123
340 124
340 125
340 126
340 127
340 128
340 129
340 130
340 131
340 132
340 133
340 134
340 135
340 136
340 137
340 138
340 139
340 140
340 141
340 142
340 143
340 144
340 145
340 146
340 147
340 148
340 149
340 150
340 151
340 152
340 153
340 154
340 155
340 156
340 157
340 158
340 159
340 160
340 161
340 162
340 163
340 164
340 165
340 166
340 167
340 168
340 169
340 170
340 171
340 172
340 173
340 174
340 175
340 176
340 177
340 178
340 179
340 180
340 181
340 182
340 183
340 184
340 185
340 186
340 187
340 188
340 189
340 190
340 191
340 192
340 193
340 194
340 195
340 196
340 197
341 197
341 198
342 198
342 199
343 199
343 200
343 201
343 202
344 202
344 203
345 203
345 204
346 204
346 205
346 206
346 207
346 208
346 209
346 210
346 211
346 212
346 213
346 214
346 215
346 216
346 217
346 218
346 219
346 220
346 221
346 222
346 223
346 224
346 225
346 226
346 227
346 228
346 229
346 230
346 231
346 232
346 233
346 234
346 235
346 236
346 237
346 238
346 239
346 240
346 241
346 242
346 243
346 244
346 245
346 246
346 247
346 248
346 249
346 250
346 251
346 252
346 253
346 254
346 255
346 256
346 257
346 258
346 259
346 260
346 261
346 262
346 263
346 264
346 265
346 266
346 267
346 268
346 269
346 270
346 271
346 272
346 273
346 274
346 275
346 276
346 277
346 278
346 279
346 280
346 281
346 282
346 283
346 284
346 285
346 286
346 287
346 288
346 289
346 290
346 291
346 292
346 293
346 294
346 295
346 296
346 297
346 298
346 299
346 300
346 301
346 302
346 303
346 304
346 305
346 306
346 307
346 308
346 309
346 310
346 311
347 311
347 312
348 312
349 312
349 313
349 314
350 314
350 315
350 316
351 316
351 317
351 318
351 319
351 320
351 321
351 322
351 323
351 324
351 325
351 326
351 327
351 328
351 329
351 330
351 331
351 332
351 333
351 334
351 335
351 336
351 337
351 338
351 339
351 340
351 341
351 342
351 343
351 344
351 345
351 346
351 347
351 348
351 349
351 350
351 351
351 352
351 353
351 354
351 355
352 355
353 355
353 356
354 356
354 357
355 357
355 358
356 358
356 359
357 359
357 360
358 360
358 361
359 361
360 361
360 362
361 362
362 362
362 363
363 363
363 364
364 364
364 365
365 365
365 366
365 367
366 367
366 368
366 369
367 369
367 370
367 371
367 372
367 373
368 373
368 374
369 374
369 375
369 376
369 377
369 378
369 379
369 380
369 381
369 382
369 383
369 384
369 385
369 386
369 387
369 388
369 389
369 390
369 391
369 392
369 393
369 394
369 395
369 396
369 397
369 398
369 399
369 400
370 400
370 401
370 402
371 402
372 402
372 403
372 404
373 404
374 404
374 405
374 406
375 406
376 406
376 407
376 408
377 408
378 408
378 409
378 410
379 410
380 410
380 411
381 411
381 412
381 413
382 413
383 413
383 414
384 414
384 415
385 415
385 416
386 416
386 417
387 417
387 418
387 419
388 419
388 420
389 420
389 421
390 421
390 422
391 422
391 423
392 423
392 424
393 424
393 425
394 425
395 425
395 426
396 426
396 427
396 428
397 428
397 429
398 429
398 430
399 430
399 431
400 431
400 432
401 432
401 433
402 433
402 434
403 434
403 435
404 435
404 436
405 436
406 436
406 437
407 437
407 438
408 438
408 439
409 439
409 440
410 440
410 441
411 441
411 442
412 442
412 443
413 443
413 444
414 444
414 445
414 446
415 446
415 447
416 447
416 448
417 448
418 448
418 449
419 449
419 450
420 450
420 451
421 451
421 452
