84 174
84 175
84 176
84 177
84 178
84 179
84 180
84 181
84 182
84 183
84 184
84 185
84 186
84 187
84 188
84 189
84 190
84 191
84 192
84 193
84 194
84 195
84 196
84 197
84 198
84 199
84 200
84 201
84 202
84 203
83 203
82 203
81 203
80 203
80 204
79 204
78 204
78 205
77 205
76 205
75 205
74 205
73 205
72 205
71 205
70 205
69 205
68 205
67 205
66 205
65 205
64 205
63 205
62 205
61 205
60 205
59 205
58 205
57 205
56 205
55 205
54 205
53 205
52 205
51 205
50 205
49 205
48 205
47 205
46 205
45 205
44 205
43 205
43 206
42 206
42 207
41 207
41 208
41 209
41 210
41 211
41 212
41 213
41 214
41 215
41 216
41 217
41 218
41 219
41 220
41 221
41 222
40 222
40 223
39 223
39 224
39 225
39 226
39 227
39 228
39 229
40 229
40 230
41 230
41 231
42 231
43 231
44 231
45 231
46 231
47 231
48 231
49 231
50 231
51 231
52 231
53 231
54 231
55 231
56 231
57 231
58 231
59 231
60 231
61 231
62 231
62 232
62 233
62 234
62 235
62 236
62 237
62 238
62 239
62 240
62 241
62 242
62 243
62 244
62 245
62 246
62 247
62 248
62 249
62 250
62 251
62 252
62 253
62 254
62 255
62 256
62 257
62 258
62 259
62 260
62 261
62 262
62 263
62 264
63 264
63 265
63 266
64 266
64 267
64 268
65 268
66 268
66 269
67 269
68 269
68 270
69 270
70 270
71 270
72 270
73 270
74 270
75 270
76 270
77 270
78 270
79 270
80 270
81 270
82 270
83 270
84 270
85 270
86 270
87 270
88 270
89 270
90 270
91 270
92 270
93 270
94 270
95 270
96 270
97 270
98 270
99 270
100 270
101 270
102 270
103 270
104 270
105 270
106 270
107 270
108 270
109 270
110 270
111 270
112 270
113 270
114 270
115 270
116 270
117 270
118 270
119 270
120 270
121 270
122 270
123 270
124 270
125 270
126 270
127 270
128 270
129 270
130 270
131 270
132 270
133 270
134 270
135 270
136 270
137 270
138 270
139 270
140 270
141 270
142 270
143 270
144 270
145 270
146 270
147 270
148 270
149 270
150 270
151 270
152 270
153 270
154 270
155 270
156 270
157 270
158 270
159 270
160 270
161 270
162 270
163 270
164 270
165 270
166 270
167 270
168 270
169 270
170 270
171 270
172 270
173 270
174 270
175 270
176 270
177 270
178 270
179 270
180 270
181 270
182 270
183 270
184 270
185 270
186 270
187 270
188 270
189 270
190 270
191 270
192 270
193 270
194 270
195 270
196 270
197 270
198 270
199 270
200 270
201 270
202 270
203 270
204 270
205 270
206 270
207 270
208 270
209 270
210 270
211 270
212 270
213 270
214 270
215 270
216 270
217 270
218 270
219 270
220 270
221 270
222 270
223 270
224 270
225 270
225 271
226 271
227 271
227 272
227 273
228 273
229 273
229 274
229 275
230 275
231 275
231 276
231 277
232 277
233 277
233 278
233 279
234 279
235 279
235 280
235 281
236 281
237 281
237 282
237 283
238 283
239 283
239 284
239 285
240 285
241 285
241 286
241 287
242 287
243 287
243 288
243 289
244 289
245 289
245 290
245 291
246 291
247 291
247 292
247 293
248 293
249 293
249 294
249 295
250 295
251 295
251 296
251 297
252 297
253 297
253 298
253 299
254 299
255 299
255 300
255 301
256 301
257 301
257 302
257 303
258 303
259 303
259 304
259 305
260 305
261 305
261 306
261 307
262 307
263 307
263 308
263 309
264 309
265 309
265 310
265 311
266 311
267 311
267 312
267 313
268 313
269 313
269 314
269 315
270 315
271 315
271 316
271 317
272 317
273 317
273 318
273 319
274 319
275 319
275 320
275 321
276 321
277 321
277 322
277 323
278 323
279 323
279 324
279 325
280 325
281 325
281 326
281 327
282 327
283 327
283 328
283 329
284 329
285 329
285 330
285 331
286 331
287 331
287 332
287 333
288 333
289 333
289 334
289 335
290 335
291 335
291 336
291 337
292 337
292 338
293 338
293 339
294 339
294 340
295 340
296 340
296 341
297 341
297 342
298 342
298 343
298 344
299 344
299 345
300 345
300 346
301 346
301 347
302 347
302 348
303 348
303 349
304 349
304 350
305 350
305 351
306 351
307 351
307 352
308 352
308 353
309 353
309 354
310 354
310 355
311 355
311 356
312 356
312 357
312 358
313 358
313 359
314 359
314 360
315 360
316 360
316 361
317 361
317 362
318 362
318 363
319 363
319 364
320 364
320 365
321 365
321 366
322 366
322 367
323 367
323 368
323 369
324 369
324 370
325 370
325 371
326 371
326 372
327 372
327 373
328 373
328 374
329 374
329 375
330 375
331 375
331 376
332 376
332 377
332 378
333 378
333 379
334 379
334 380
335 380
335 381
336 381
336 382
337 382
337 383
338 383
338 384
339 384
339 385
340 385
341 385
341 386
342 386
342 387
343 387
343 388
344 388
344 389
345 389
345 390
346 390
346 391
347 391
347 392
348 392
348 393
348 394
349 394
349 395
350 395
351 395
351 396
352 396
352 397
353 397
353 398
354 398
354 399
354 400
355 400
355 401
356 401
357 401
357 402
358 402
358 403
359 403
359 404
359 405
360 405
360 406
361 406
361 407
362 407
363 407
363 408
363 409
364 409
365 409
365 410
365 411
366 411
367 411
367 412
367 413
368 413
369 413
369 414
369 415
370 415
371 415
371 416
371 417
372 417
373 417
373 418
373 419
374 419
375 419
375 420
375 421
376 421
377 421
377 422
377 423
378 423
379 423
379 424
379 425
380 425
381 425
381 426
381 427
382 427
383 427
383 428
384 428
384 429
385 429
385 430
386 430
386 431
387 431
387 432
387 433
388 433
388 434
389 434
389 435
390 435
390 436
391 436
391 437
392 437
392 438
393 438
393 439
394 439
395 439
395 440
396 440
396 441
396 442
397 442
398 442
398 443
399 443
399 444
400 444
400 445
401 445
401 446
402 446
402 447
403 447
403 448
403 449
404 449
404 450
405 450
405 451
406 451
407 451
407 452
408 452
408 453
408 454
409 454
409 455
410 455
410 456
411 456
411 457
412 457
412 458
413 458
