468 180
468 181
468 182
468 183
468 184
468 185
468 186
468 187
467 187
467 188
466 188
466 189
465 189
465 190
464 190
464 191
463 191
463 192
462 192
462 193
461 193
461 194
460 194
460 195
459 195
459 196
458 196
458 197
457 197
457 198
456 198
456 199
455 199
455 200
454 200
454 201
453 201
453 202
452 202
452 203
451 203
451 204
450 204
450 205
449 205
449 206
448 206
448 207
447 207
447 208
446 208
446 209
445 209
445 210
444 210
444 211
443 211
443 212
442 212
442 213
441 213
441 214
440 214
440 215
439 215
439 216
438 216
438 217
437 217
437 218
436 218
436 219
435 219
435 220
434 220
434 221
433 221
433 222
432 222
432 223
431 223
431 224
430 224
430 225
429 225
429 226
428 226
428 227
427 227
427 228
426 228
426 229
425 229
425 230
424 230
424 231
423 231
423 232
422 232
422 233
421 233
421 234
420 234
420 235
419 235
419 236
418 236
418 237
417 237
417 238
416 238
416 239
415 239
415 240
414 240
414 241
413 241
413 242
412 242
412 243
411 243
410 243
409 243
408 243
407 243
406 243
405 243
404 243
403 243
402 243
401 243
400 243
399 243
399 244
398 244
397 244
396 244
395 244
394 244
393 244
392 244
391 244
390 244
389 244
388 244
387 244
386 244
385 244
384 244
383 244
383 245
382 245
381 245
381 246
380 246
379 246
379 247
379 248
378 248
378 249
378 250
377 250
377 251
377 252
377 253
377 254
377 255
377 256
377 257
377 258
377 259
377 260
377 261
377 262
377 263
377 264
377 265
377 266
377 267
377 268
377 269
377 270
377 271
377 272
377 273
377 274
377 275
377 276
377 277
377 278
376 278
376 279
375 279
375 280
374 280
374 281
373 281
373 282
372 282
372 283
371 283
371 284
370 284
370 285
369 285
369 286
368 286
368 287
367 287
367 288
366 288
366 289
365 289
365 290
364 290
364 291
363 291
363 292
362 292
362 293
361 293
361 294
360 294
360 295
359 295
359 296
358 296
358 297
357 297
357 298
356 298
356 299
355 299
355 300
354 300
354 301
353 301
353 302
352 302
352 303
351 303
351 304
350 304
350 305
349 305
349 306
348 306
348 307
347 307
347 308
346 308
346 309
345 309
345 310
344 310
343 310
342 310
341 310
340 310
339 310
338 310
337 310
336 310
335 310
334 310
333 310
332 310
331 310
331 311
330 311
329 311
328 311
327 311
326 311
325 311
324 311
323 311
322 311
321 311
320 311
319 311
318 311
317 311
316 311
315 311
314 311
313 311
312 311
311 311
310 311
309 311
308 311
307 311
307 312
306 312
305 312
304 312
303 312
302 312
301 312
300 312
299 312
298 312
297 312
296 312
295 312
295 313
294 313
293 313
293 314
292 314
291 314
291 315
291 316
290 316
290 317
290 318
289 318
289 319
289 320
289 321
289 322
289 323
289 324
289 325
289 326
289 327
289 328
289 329
289 330
289 331
289 332
289 333
289 334
289 335
289 336
289 337
289 338
289 339
289 340
289 341
289 342
289 343
289 344
289 345
289 346
289 347
289 348
289 349
289 350
289 351
289 352
289 353
289 354
289 355
289 356
289 357
289 358
289 359
289 360
289 361
289 362
289 363
289 364
289 365
289 366
288 366
288 367
288 368
287 368
286 368
286 369
286 370
285 370
284 370
284 371
284 372
283 372
282 372
282 373
282 374
281 374
280 374
280 375
280 376
279 376
278 376
278 377
278 378
277 378
276 378
276 379
276 380
275 380
274 380
274 381
274 382
273 382
272 382
272 383
272 384
271 384
270 384
270 385
269 385
269 386
269 387
268 387
268 388
267 388
266 388
266 389
266 390
265 390
264 390
264 391
264 392
263 392
262 392
262 393
262 394
261 394
260 394
260 395
260 396
259 396
258 396
258 397
258 398
257 398
256 398
256 399
256 400
255 400
254 400
254 401
254 402
253 402
252 402
252 403
252 404
251 404
250 404
250 405
250 406
249 406
248 406
248 407
248 408
247 408
246 408
246 409
246 410
245 410
244 410
244 411
244 412
243 412
242 412
242 413
242 414
241 414
240 414
240 415
240 416
239 416
238 416
238 417
238 418
237 418
236 418
236 419
236 420
235 420
234 420
234 421
234 422
233 422
232 422
232 423
232 424
231 424
230 424
230 425
230 426
229 426
228 426
228 427
228 428
227 428
226 428
226 429
226 430
225 430
224 430
224 431
224 432
223 432
222 432
222 433
222 434
221 434
220 434
220 435
220 436
219 436
218 436
218 437
218 438
217 438
216 438
216 439
215 439
215 440
214 440
214 441
214 442
214 443
214 444
214 445
214 446
213 446
213 447
213 448
212 448
212 449
212 450
211 450
210 450
210 451
209 451
208 451
208 452
207 452
206 452
205 452
204 452
203 452
203 453
202 453
201 453
201 454
201 455
200 455
199 455
199 456
199 457
198 457
197 457
197 458
197 459
196 459
195 459
195 460
195 461
194 461
193 461
193 462
193 463
192 463
191 463
191 464
191 465
190 465
189 465
189 466
189 467
188 467
187 467
187 468
187 469
186 469
185 469
185 470
185 471
184 471
183 471
183 472
183 473
182 473
181 473
181 474
181 475
180 475
179 475
179 476
179 477
178 477
177 477
177 478
177 479
176 479
176 480
175 480
174 480
174 481
173 481
173 482
173 483
172 483
171 483
171 484
171 485
170 485
170 486
169 486
169 487
168 487
168 488
167 488
166 488
166 489
166 490
165 490
164 490
164 491
164 492
163 492
162 492
162 493
162 494
161 494
160 494
160 495
160 496
159 496
158 496
158 497
158 498
157 498
156 498
156 499
156 500
155 500
154 500
154 501
154 502
153 502
152 502
152 503
152 504
151 504
150 504
150 505
150 506
149 506
148 506
148 507
148 508
147 508
146 508
146 509
146 510
145 510
