435 32
434 32
433 32
432 32
431 32
430 32
429 32
428 32
427 32
426 32
425 32
424 32
423 32
422 32
421 32
420 32
419 32
418 32
417 32
416 32
415 32
414 32
413 32
412 32
411 32
410 32
409 32
408 32
407 32
406 32
405 32
404 32
403 32
402 32
401 32
400 32
399 32
398 32
397 32
396 32
395 32
394 32
393 32
392 32
391 32
390 32
389 32
388 32
387 32
386 32
385 32
384 32
383 32
382 32
381 32
380 32
379 32
378 32
377 32
376 32
375 32
374 32
373 32
372 32
371 32
371 31
371 30
371 29
371 28
371 27
371 26
371 25
371 24
371 23
371 22
371 21
371 20
371 19
371 18
371 17
371 16
371 15
371 14
371 13
370 13
370 12
369 12
369 11
368 11
367 11
366 11
365 11
364 11
363 11
362 11
361 11
360 11
359 11
358 11
357 11
356 11
355 11
354 11
353 11
352 11
351 11
350 11
349 11
348 11
348 12
347 12
347 13
346 13
346 14
345 14
345 15
344 15
344 16
344 17
343 17
343 18
342 18
342 19
342 20
341 20
341 21
341 22
341 23
341 24
341 25
341 26
341 27
341 28
341 29
341 30
341 31
340 31
340 32
340 33
340 34
340 35
340 36
340 37
340 38
340 39
340 40
340 41
340 42
340 43
340 44
340 45
340 46
340 47
340 48
340 49
340 50
340 51
340 52
340 53
340 54
340 55
340 56
340 57
340 58
340 59
340 60
340 61
340 62
340 63
340 64
340 65
340 66
340 67
340 68
340 69
340 70
340 71
340 72
340 73
340 74
340 75
340 76
340 77
340 78
340 79
340 80
340 81
340 82
340 83
340 84
340 85
340 86
340 87
340 88
340 89
340 90
340 91
340 92
340 93
340 94
340 95
340 96
340 97
340 98
340 99
340 100
340 101
340 102
340 103
340 104
340 105
339 105
339 106
338 106
338 107
337 107
337 108
336 108
336 109
335 109
335 110
334 110
334 111
333 111
333 112
332 112
332 113
331 113
331 114
330 114
330 115
329 115
329 116
328 116
328 117
327 117
327 118
326 118
326 119
325 119
325 120
324 120
324 121
323 121
323 122
322 122
322 123
321 123
321 124
320 124
320 125
319 125
319 126
318 126
318 127
317 127
317 128
316 128
316 129
315 129
315 130
314 130
314 131
313 131
313 132
312 132
312 133
311 133
311 134
310 134
310 135
309 135
309 136
308 136
308 137
307 137
307 138
306 138
306 139
305 139
305 140
304 140
304 141
303 141
303 142
302 142
302 143
301 143
301 144
300 144
300 145
299 145
298 145
297 145
296 145
295 145
294 145
293 145
292 145
291 145
290 145
289 145
289 146
288 146
287 146
287 147
286 147
285 147
285 148
285 149
284 149
284 150
284 151
283 151
283 152
283 153
283 154
283 155
283 156
283 157
283 158
283 159
283 160
283 161
283 162
282 162
282 163
281 163
281 164
280 164
280 165
279 165
279 166
278 166
278 167
277 167
277 168
276 168
276 169
275 169
275 170
274 170
274 171
273 171
273 172
272 172
272 173
271 173
271 174
270 174
270 175
269 175
269 176
268 176
268 177
267 177
267 178
266 178
266 179
265 179
265 180
264 180
264 181
263 181
263 182
262 182
262 183
261 183
261 184
260 184
260 185
259 185
259 186
258 186
258 187
257 187
257 188
256 188
256 189
255 189
255 190
254 190
254 191
253 191
253 192
252 192
252 193
251 193
251 194
250 194
250 195
249 195
249 196
248 196
248 197
247 197
247 198
246 198
246 199
245 199
245 200
244 200
244 201
243 201
243 202
242 202
242 203
241 203
241 204
240 204
240 205
239 205
239 206
238 206
238 207
237 207
237 208
236 208
236 209
235 209
235 210
234 210
234 211
233 211
233 212
232 212
232 213
231 213
231 214
230 214
230 215
229 215
229 216
228 216
228 217
227 217
227 218
226 218
226 219
225 219
225 220
224 220
224 221
223 221
223 222
222 222
222 223
222 224
221 224
220 224
220 225
220 226
219 226
219 227
219 228
219 229
219 230
219 231
219 232
219 233
219 234
219 235
219 236
219 237
219 238
219 239
219 240
219 241
219 242
219 243
219 244
219 245
219 246
219 247
219 248
219 249
219 250
219 251
219 252
219 253
219 254
219 255
219 256
219 257
219 258
219 259
219 260
219 261
218 261
218 262
218 263
217 263
217 264
217 265
216 265
215 265
215 266
214 266
213 266
213 267
212 267
211 267
210 267
209 267
208 267
207 267
206 267
205 267
204 267
203 267
202 267
201 267
200 267
199 267
198 267
197 267
196 267
195 267
194 267
193 267
192 267
191 267
190 267
189 267
188 267
187 267
186 267
185 267
184 267
183 267
182 267
181 267
180 267
179 267
178 267
178 268
177 268
176 268
176 269
176 270
175 270
174 270
174 271
174 272
173 272
172 272
172 273
172 274
171 274
170 274
170 275
170 276
169 276
168 276
168 277
168 278
167 278
166 278
166 279
166 280
165 280
164 280
164 281
164 282
163 282
162 282
162 283
162 284
161 284
160 284
160 285
160 286
159 286
158 286
158 287
158 288
157 288
156 288
156 289
156 290
155 290
154 290
154 291
154 292
153 292
152 292
152 293
152 294
151 294
150 294
150 295
150 296
149 296
148 296
148 297
148 298
147 298
146 298
146 299
146 300
145 300
144 300
144 301
143 301
143 302
143 303
142 303
141 303
141 304
141 305
140 305
139 305
139 306
139 307
138 307
137 307
137 308
137 309
136 309
135 309
135 310
135 311
134 311
133 311
133 312
133 313
132 313
131 313
131 314
131 315
130 315
129 315
129 316
129 317
128 317
128 318
127 318
126 318
126 319
125 319
124 319
123 319
122 319
121 319
120 319
119 319
118 319
117 319
116 319
115 319
114 319
113 319
112 319
111 319
110 319
109 319
109 320
108 320
107 320
106 320
105 320
104 320
103 320
102 320
101 320
100 320
99 320
98 320
97 320
96 320
95 320
95 321
94 321
93 321
93 322
92 322
91 322
91 323
91 324
90 324
90 325
90 326
89 326
89 327
89 328
89 329
89 330
89 331
89 332
89 333
89 334
89 335
89 336
89 337
89 338
89 339
89 340
89 341
89 342
89 343
89 344
89 345
89 346
89 347
89 348
89 349
89 350
89 351
89 352
89 353
89 354
89 355
89 356
88 356
88 357
88 358
87 358
86 358
86 359
86 360
85 360
84 360
84 361
84 362
83 362
82 362
82 363
82 364
81 364
80 364
80 365
80 366
79 366
78 366
78 367
78 368
77 368
76 368
76 369
76 370
75 370
74 370
74 371
74 372
73 372
72 372
72 373
72 374
71 374
70 374
70 375
70 376
69 376
68 376
68 377
68 378
67 378
66 378
66 379
66 380
65 380
64 380
64 381
64 382
63 382
63 383
62 383
62 384
61 384
60 384
60 385
60 386
59 386
59 387
59 388
59 389
59 390
59 391
59 392
59 393
59 394
59 395
58 395
58 396
57 396
57 397
56 397
56 398
55 398
55 399
54 399
53 399
52 399
51 399
50 399
49 399
48 399
47 399
46 399
46 400
45 400
44 400
44 401
44 402
43 402
42 402
42 403
42 404
41 404
