347 422
347 421
347 420
347 419
347 418
347 417
347 416
347 415
347 414
347 413
347 412
347 411
347 410
347 409
347 408
347 407
347 406
347 405
347 404
347 403
347 402
347 401
347 400
347 399
347 398
347 397
347 396
347 395
347 394
347 393
347 392
347 391
347 390
347 389
347 388
347 387
347 386
347 385
347 384
347 383
347 382
348 382
349 382
350 382
351 382
352 382
353 382
354 382
355 382
356 382
357 382
358 382
359 382
360 382
361 382
362 382
363 382
364 382
364 381
365 381
365 380
366 380
367 380
367 379
367 378
368 378
368 377
369 377
369 376
369 375
369 374
369 373
369 372
369 371
369 370
369 369
369 368
369 367
369 366
369 365
369 364
369 363
369 362
369 361
370 361
371 361
372 361
372 360
373 360
373 359
374 359
374 358
374 357
374 356
374 355
374 354
374 353
374 352
374 351
374 350
374 349
374 348
374 347
374 346
374 345
374 344
374 343
374 342
374 341
374 340
374 339
374 338
374 337
374 336
374 335
374 334
374 333
374 332
374 331
374 330
374 329
374 328
374 327
374 326
374 325
374 324
374 323
374 322
374 321
374 320
374 319
374 318
374 317
374 316
374 315
374 314
374 313
374 312
374 311
374 310
374 309
374 308
374 307
374 306
374 305
374 304
374 303
374 302
374 301
374 300
374 299
374 298
374 297
374 296
374 295
375 295
375 294
376 294
376 293
376 292
376 291
376 290
376 289
376 288
376 287
376 286
376 285
376 284
376 283
376 282
376 281
376 280
376 279
376 278
376 277
376 276
376 275
376 274
376 273
376 272
376 271
376 270
376 269
376 268
376 267
376 266
376 265
376 264
376 263
376 262
376 261
376 260
376 259
376 258
376 257
376 256
376 255
376 254
377 254
377 253
377 252
377 251
377 250
378 250
378 249
378 248
379 248
379 247
379 246
380 246
381 246
381 245
382 245
383 245
383 244
384 244
385 244
386 244
387 244
388 244
389 244
390 244
391 244
392 244
393 244
394 244
395 244
396 244
396 243
397 243
398 243
399 243
399 242
400 242
401 242
402 242
402 241
403 241
404 241
405 241
405 242
405 243
406 243
407 243
408 243
409 243
409 242
410 242
411 242
412 242
413 242
414 242
415 242
416 242
417 242
418 242
419 242
420 242
421 242
422 242
423 242
424 242
425 242
426 242
427 242
428 242
428 241
429 241
429 240
430 240
430 239
431 239
431 238
432 238
432 237
433 237
433 236
434 236
434 235
435 235
435 234
436 234
436 233
437 233
437 232
438 232
