365 3
364 3
363 3
362 3
361 3
360 3
359 3
358 3
357 3
356 3
355 3
354 3
353 3
352 3
352 4
351 4
351 5
350 5
350 6
349 6
349 7
348 7
348 8
347 8
347 9
346 9
346 10
345 10
345 11
344 11
344 12
343 12
343 13
342 13
342 14
341 14
341 15
340 15
340 16
339 16
339 17
338 17
338 18
337 18
337 19
336 19
336 20
335 20
335 21
334 21
334 22
333 22
333 23
332 23
332 24
331 24
331 25
330 25
330 26
329 26
329 27
328 27
328 28
327 28
327 29
326 29
326 30
325 30
325 31
324 31
324 32
323 32
323 33
322 33
322 34
321 34
321 35
320 35
320 36
319 36
319 37
318 37
318 38
317 38
317 39
316 39
316 40
315 40
315 41
314 41
314 42
313 42
313 43
312 43
312 44
311 44
311 45
310 45
310 46
309 46
309 47
308 47
308 48
307 48
307 49
306 49
306 50
305 50
305 51
304 51
304 52
303 52
303 53
302 53
302 54
301 54
301 55
300 55
300 56
300 57
300 58
300 59
300 60
300 61
300 62
300 63
300 64
300 65
300 66
300 67
300 68
300 69
300 70
300 71
300 72
300 73
300 74
300 75
300 76
300 77
300 78
300 79
300 80
300 81
300 82
300 83
300 84
300 85
300 86
300 87
300 88
300 89
300 90
300 91
300 92
300 93
300 94
300 95
300 96
300 97
300 98
300 99
300 100
300 101
300 102
300 103
300 104
300 105
300 106
300 107
300 108
300 109
300 110
300 111
300 112
300 113
300 114
300 115
300 116
300 117
300 118
300 119
300 120
299 120
299 121
299 122
298 122
298 123
298 124
297 124
296 124
296 125
295 125
294 125
294 126
293 126
292 126
291 126
290 126
289 126
288 126
287 126
286 126
285 126
284 126
283 126
282 126
281 126
280 126
279 126
278 126
277 126
276 126
275 126
274 126
273 126
272 126
271 126
270 126
269 126
268 126
267 126
266 126
265 126
264 126
263 126
262 126
261 126
260 126
259 126
258 126
257 126
256 126
255 126
254 126
253 126
252 126
251 126
250 126
249 126
248 126
247 126
246 126
245 126
244 126
243 126
242 126
241 126
240 126
239 126
238 126
237 126
236 126
235 126
234 126
233 126
232 126
231 126
230 126
229 126
229 127
228 127
228 128
227 128
227 129
226 129
226 130
225 130
225 131
224 131
224 132
223 132
223 133
222 133
222 134
221 134
221 135
220 135
220 136
219 136
219 137
218 137
218 138
217 138
217 139
216 139
216 140
215 140
215 141
214 141
214 142
213 142
213 143
212 143
212 144
211 144
211 145
210 145
210 146
209 146
208 146
207 146
206 146
205 146
204 146
204 147
203 147
202 147
202 148
201 148
200 148
200 149
200 150
199 150
199 151
199 152
198 152
198 153
198 154
198 155
198 156
198 157
198 158
197 158
197 159
196 159
196 160
195 160
195 161
194 161
194 162
193 162
193 163
192 163
192 164
191 164
191 165
190 165
190 166
189 166
189 167
188 167
188 168
187 168
187 169
186 169
186 170
185 170
185 171
184 171
184 172
183 172
183 173
182 173
182 174
181 174
181 175
180 175
180 176
179 176
179 177
178 177
178 178
177 178
177 179
176 179
176 180
175 180
175 181
174 181
174 182
174 183
173 183
172 183
172 184
172 185
171 185
170 185
170 186
170 187
169 187
168 187
168 188
168 189
167 189
166 189
166 190
166 191
165 191
164 191
164 192
