66 73
67 74
68 74
69 74
70 74
71 74
72 74
73 74
73 75
74 75
75 75
76 75
77 75
78 75
79 75
80 75
81 75
82 75
83 75
84 75
84 76
85 76
86 76
87 76
88 76
89 76
90 76
91 76
92 76
93 76
94 76
95 76
96 76
97 76
98 76
99 76
100 76
101 76
102 76
103 76
104 76
105 76
106 76
107 76
108 76
109 76
110 76
111 76
112 76
113 76
114 76
115 76
116 76
117 76
118 76
118 77
119 77
119 78
119 79
119 80
119 81
119 82
119 83
119 84
119 85
119 86
119 87
119 88
119 89
119 90
119 91
119 92
119 93
119 94
119 95
119 96
119 97
119 98
119 99
119 100
119 101
119 102
119 103
119 104
119 105
120 105
120 106
120 107
120 108
120 109
121 109
121 110
121 111
121 112
121 113
121 114
121 115
121 116
121 117
121 118
121 119
121 120
122 120
122 121
123 121
123 122
123 123
123 124
123 125
124 125
124 126
124 127
124 128
124 129
125 129
125 130
125 131
125 132
125 133
125 134
126 134
126 135
127 135
127 136
128 136
129 136
130 136
131 136
132 136
133 136
134 136
135 136
136 136
137 136
138 136
139 136
140 136
141 136
142 136
143 136
144 136
145 136
146 136
147 136
148 136
149 136
150 136
151 136
152 136
153 136
154 136
155 136
155 135
156 135
157 135
158 135
159 135
159 134
160 134
160 133
161 133
161 132
162 132
162 131
162 130
162 129
162 128
162 127
162 126
162 125
163 125
164 125
165 125
166 125
167 125
168 125
169 125
170 125
171 125
172 125
173 125
174 125
175 125
176 125
177 125
178 125
179 125
180 125
181 125
182 125
183 125
184 125
185 125
186 125
187 125
188 125
189 125
190 125
191 125
192 125
193 125
194 125
195 125
196 125
197 125
198 125
199 125
200 125
201 125
202 125
203 125
204 125
205 125
206 125
207 125
208 125
209 125
210 125
211 125
212 125
212 124
212 123
213 123
213 122
214 122
215 122
215 121
215 120
216 120
216 119
216 118
217 118
217 117
217 116
217 115
217 114
217 113
217 112
217 111
217 110
217 109
217 108
217 107
217 106
217 105
217 104
217 103
217 102
217 101
217 100
217 99
217 98
217 97
217 96
217 95
217 94
217 93
217 92
217 91
217 90
217 89
217 88
217 87
217 86
217 85
217 84
217 83
217 82
217 81
217 80
217 79
217 78
217 77
217 76
217 75
217 74
217 73
217 72
217 71
217 70
217 69
217 68
217 67
217 66
217 65
217 64
217 63
217 62
217 61
217 60
217 59
218 59
218 58
219 58
219 57
220 57
220 56
221 56
221 55
222 55
222 54
223 54
223 53
224 53
224 52
225 52
225 51
226 51
226 50
227 50
227 49
228 49
228 48
229 48
229 47
230 47
230 46
231 46
231 45
232 45
232 44
233 44
233 43
234 43
234 42
235 42
235 41
236 41
236 40
237 40
237 39
238 39
238 38
239 38
239 37
240 37
240 36
241 36
241 35
242 35
242 34
243 34
243 33
244 33
244 32
245 32
245 31
246 31
