94 201
93 201
92 201
91 201
90 201
89 201
88 201
88 202
87 202
87 203
86 203
85 203
84 203
83 203
82 203
81 203
80 203
80 204
79 204
78 204
78 205
77 205
76 205
75 205
74 205
73 205
72 205
71 205
70 205
69 205
68 205
67 205
66 205
65 205
64 205
63 205
62 205
61 205
60 205
59 205
58 205
57 205
56 205
55 205
54 205
53 205
52 205
51 205
50 205
49 205
48 205
47 205
46 205
45 205
44 205
43 205
43 206
42 206
42 207
41 207
41 208
41 209
41 210
41 211
41 212
41 213
41 214
41 215
41 216
41 217
41 218
41 219
41 220
41 221
41 222
40 222
40 223
39 223
39 224
39 225
39 226
39 227
39 228
39 229
39 230
39 231
39 232
39 233
39 234
39 235
39 236
39 237
39 238
39 239
39 240
39 241
39 242
39 243
39 244
39 245
39 246
39 247
39 248
39 249
39 250
39 251
39 252
39 253
39 254
39 255
39 256
39 257
39 258
39 259
39 260
39 261
39 262
39 263
39 264
39 265
39 266
39 267
39 268
39 269
39 270
39 271
39 272
39 273
39 274
39 275
39 276
39 277
39 278
39 279
39 280
39 281
39 282
39 283
39 284
39 285
39 286
39 287
39 288
39 289
39 290
39 291
39 292
40 292
40 293
40 294
41 294
42 294
42 295
42 296
43 296
44 296
44 297
44 298
45 298
46 298
46 299
46 300
47 300
48 300
48 301
48 302
49 302
50 302
50 303
50 304
51 304
52 304
52 305
52 306
53 306
54 306
54 307
54 308
55 308
56 308
56 309
56 310
57 310
58 310
58 311
58 312
59 312
60 312
60 313
60 314
61 314
62 314
62 315
62 316
63 316
64 316
64 317
64 318
65 318
66 318
66 319
66 320
67 320
67 321
68 321
69 321
69 322
70 322
70 323
71 323
71 324
72 324
72 325
72 326
73 326
73 327
74 327
75 327
75 328
75 329
76 329
77 329
77 330
77 331
78 331
79 331
79 332
79 333
80 333
81 333
81 334
81 335
82 335
83 335
83 336
83 337
84 337
85 337
85 338
85 339
86 339
87 339
87 340
87 341
88 341
89 341
89 342
89 343
90 343
91 343
91 344
91 345
92 345
93 345
94 345
95 345
96 345
97 345
98 345
99 345
100 345
101 345
102 345
103 345
104 345
104 346
105 346
105 347
106 347
106 348
106 349
106 350
106 351
106 352
106 353
107 353
108 353
109 353
110 353
111 353
112 353
113 353
113 354
114 354
114 355
115 355
115 356
116 356
116 357
117 357
117 358
118 358
118 359
119 359
119 360
120 360
120 361
121 361
121 362
121 363
121 364
121 365
121 366
121 367
121 368
121 369
121 370
121 371
121 372
121 373
121 374
122 374
122 375
122 376
123 376
124 376
124 377
124 378
125 378
126 378
126 379
126 380
127 380
128 380
128 381
128 382
129 382
130 382
130 383
130 384
131 384
132 384
132 385
132 386
133 386
134 386
134 387
134 388
135 388
136 388
136 389
136 390
137 390
138 390
138 391
138 392
139 392
139 393
139 394
140 394
140 395
141 395
141 396
142 396
143 396
143 397
144 397
145 397
145 398
145 399
146 399
147 399
147 400
147 401
148 401
149 401
149 402
149 403
150 403
151 403
151 404
151 405
152 405
153 405
153 406
153 407
154 407
155 407
155 408
155 409
156 409
157 409
157 410
157 411
158 411
159 411
159 412
159 413
160 413
161 413
161 414
161 415
162 415
163 415
163 416
163 417
164 417
165 417
165 418
165 419
166 419
167 419
167 420
167 421
168 421
169 421
169 422
169 423
170 423
171 423
171 424
171 425
172 425
173 425
173 426
174 426
174 427
175 427
175 428
175 429
176 429
177 429
177 430
177 431
178 431
179 431
179 432
179 433
180 433
180 434
181 434
181 435
182 435
183 435
183 436
183 437
184 437
185 437
185 438
185 439
186 439
187 439
187 440
187 441
188 441
189 441
189 442
189 443
190 443
191 443
191 444
192 444
192 445
193 445
193 446
193 447
194 447
195 447
195 448
195 449
196 449
196 450
197 450
198 450
198 451
199 451
199 452
199 453
200 453
201 453
201 454
201 455
202 455
202 456
203 456
204 456
204 457
205 457
205 458
205 459
206 459
207 459
207 460
207 461
208 461
209 461
209 462
209 463
210 463
