161 225
161 224
161 223
161 222
161 221
161 220
161 219
161 218
161 217
161 216
161 215
161 214
161 213
161 212
161 211
161 210
161 209
161 208
161 207
161 206
161 205
161 204
161 203
161 202
161 201
161 200
161 199
161 198
161 197
161 196
161 195
161 194
161 193
161 192
161 191
161 190
161 189
161 188
162 187
163 186
164 185
165 184
166 183
167 182
168 181
169 180
170 179
171 178
172 177
173 176
174 175
175 174
176 173
177 172
178 171
179 170
180 169
181 168
182 167
183 166
184 165
185 164
186 163
187 162
188 161
189 160
190 159
191 158
192 157
193 156
194 155
195 154
196 153
197 152
198 151
199 150
200 149
201 148
202 148
203 147
204 147
205 146
206 146
207 146
208 146
209 147
210 147
211 148
212 149
212 150
213 151
213 152
214 153
214 154
214 155
214 156
215 157
215 158
215 159
215 160
216 161
216 162
216 163
216 164
216 165
217 166
217 167
218 168
218 169
218 170
218 171
218 172
218 173
218 174
219 175
219 176
219 177
219 178
219 179
219 180
219 181
219 182
219 183
219 184
219 185
219 186
219 187
219 188
219 189
219 190
219 191
219 192
219 193
219 194
219 195
219 196
219 197
219 198
219 199
219 200
219 201
219 202
219 203
219 204
219 205
219 206
219 207
219 208
219 209
219 210
219 211
219 212
219 213
219 214
219 215
219 216
219 217
219 218
219 219
219 220
219 221
219 222
219 223
219 224
219 225
219 226
219 227
219 228
219 229
219 230
219 231
219 232
219 233
219 234
219 235
219 236
219 237
219 238
219 239
219 240
219 241
219 242
219 243
219 244
219 245
219 246
219 247
219 248
219 249
219 250
219 251
219 252
219 253
219 254
219 255
219 256
219 257
219 258
219 259
219 260
219 261
219 262
219 263
219 264
219 265
219 266
219 267
219 268
219 269
219 270
219 271
219 272
219 273
219 274
219 275
219 276
219 277
219 278
219 279
219 280
219 281
219 282
219 283
219 284
219 285
219 286
219 287
219 288
219 289
219 290
219 291
219 292
219 293
219 294
219 295
219 296
219 297
219 298
219 299
219 300
219 301
219 302
219 303
219 304
219 305
219 306
219 307
219 308
219 309
219 310
219 311
219 312
219 313
219 314
219 315
219 316
219 317
219 318
219 319
219 320
219 321
219 322
219 323
219 324
219 325
219 326
219 327
219 328
219 329
219 330
219 331
219 332
219 333
219 334
219 335
219 336
219 337
220 338
220 339
221 340
221 341
221 342
222 343
222 344
223 345
223 346
224 347
224 348
225 349
225 350
226 351
226 352
226 353
227 354
227 355
228 356
228 357
229 358
229 359
230 360
230 361
231 362
231 363
231 364
232 365
232 366
233 367
233 368
234 369
234 370
235 371
235 372
236 373
236 374
236 375
237 376
237 377
238 378
238 379
239 380
239 381
240 382
240 383
241 384
241 385
241 386
242 387
242 388
243 389
243 390
244 391
244 392
245 393
245 394
246 395
246 396
246 397
247 398
247 399
248 400
248 401
249 402
249 403
250 404
250 405
251 406
251 407
251 408
252 409
252 410
253 411
253 412
254 413
254 414
255 415
256 416
256 417
