141 183
142 183
142 182
143 182
143 181
144 181
144 180
145 180
145 179
146 179
146 178
147 178
147 177
147 176
147 175
148 175
148 174
149 174
149 173
149 172
150 172
150 171
151 171
151 170
151 169
152 169
152 168
152 167
152 166
153 166
153 165
154 165
154 164
155 164
156 164
157 164
158 164
159 164
160 164
161 164
162 164
163 164
164 164
165 164
166 164
167 164
168 164
169 164
170 164
171 164
172 164
173 164
174 164
175 164
176 164
177 164
178 164
179 164
180 164
181 164
182 164
183 164
184 164
185 164
186 164
187 164
188 164
189 164
190 164
191 164
192 164
193 164
194 164
195 164
196 164
197 164
198 164
198 163
198 162
198 161
198 160
198 159
198 158
198 157
198 156
198 155
198 154
198 153
198 152
199 152
199 151
199 150
200 150
200 149
200 148
201 148
202 148
202 147
203 147
204 147
204 146
205 146
206 146
207 146
208 146
209 146
210 146
211 146
212 146
213 146
214 146
215 146
216 146
217 146
218 146
219 146
220 146
221 146
222 146
223 146
224 146
225 146
226 146
227 146
228 146
229 146
230 146
231 146
232 146
233 146
234 146
235 146
236 146
237 146
238 146
239 146
240 146
241 146
242 146
243 146
244 146
245 146
246 146
247 146
248 146
249 146
250 146
251 146
252 146
253 146
254 146
255 146
256 146
257 146
258 146
259 146
260 146
261 146
262 146
263 146
264 146
265 146
266 146
267 146
268 146
269 146
270 146
271 146
272 146
273 146
274 146
275 146
276 146
277 146
278 146
279 146
280 146
281 146
282 146
283 146
284 146
285 146
286 146
287 146
288 146
289 146
289 145
290 145
291 145
292 145
293 145
294 145
295 145
296 145
297 145
298 145
299 145
300 145
301 145
302 145
303 145
304 145
305 145
306 145
307 145
308 145
309 145
310 145
311 145
312 145
313 145
314 145
315 145
316 145
317 145
318 145
319 145
320 145
321 145
321 146
322 146
322 147
323 147
323 148
324 148
324 149
325 149
325 150
326 150
326 151
327 151
327 152
327 153
327 154
328 154
328 155
329 155
329 156
330 156
330 157
331 157
332 157
333 157
333 158
334 158
334 159
335 159
335 160
336 160
336 161
337 161
337 162
338 162
338 163
339 163
339 164
340 164
340 165
341 165
341 166
342 166
342 167
343 167
343 168
344 168
344 169
345 169
345 170
346 170
346 171
347 171
347 172
348 172
348 173
349 173
349 174
350 174
350 175
351 175
351 176
352 176
352 177
353 177
353 178
354 178
354 179
355 179
355 180
356 180
356 181
357 181
357 182
358 182
358 183
359 183
359 184
360 184
360 185
361 185
361 186
362 186
362 187
363 187
363 188
364 188
364 189
365 189
365 190
366 190
366 191
367 191
367 192
368 192
368 193
369 193
369 194
370 194
370 195
371 195
371 196
372 196
372 197
373 197
373 198
374 198
374 199
375 199
375 200
376 200
376 201
377 201
377 202
377 203
377 204
377 205
377 206
377 207
377 208
377 209
377 210
377 211
377 212
377 213
377 214
377 215
377 216
377 217
377 218
377 219
377 220
377 221
377 222
377 223
377 224
377 225
377 226
377 227
377 228
377 229
377 230
377 231
377 232
377 233
377 234
377 235
377 236
377 237
377 238
377 239
377 240
377 241
377 242
377 243
377 244
377 245
377 246
377 247
377 248
377 249
377 250
377 251
377 252
377 253
377 254
378 254
378 255
378 256
379 256
379 257
379 258
380 258
380 259
381 259
382 259
383 259
383 260
384 260
385 260
386 260
387 260
388 260
389 260
390 260
391 260
392 260
393 260
394 260
395 260
396 260
397 260
398 260
399 260
400 260
401 260
402 260
403 260
404 260
405 260
405 261
406 261
407 261
407 262
408 262
409 262
409 263
410 263
411 263
411 264
412 264
413 264
413 265
414 265
415 265
415 266
416 266
417 266
418 266
419 266
420 266
421 266
422 266
423 266
424 266
425 266
426 266
427 266
428 266
429 266
430 266
431 266
432 266
433 266
434 266
435 266
436 266
437 266
438 266
439 266
440 266
441 266
442 266
442 267
443 267
443 268
444 268
444 269
445 269
445 270
446 270
446 271
447 271
447 272
448 272
448 273
449 273
449 274
450 274
450 275
451 275
451 276
452 276
452 277
453 277
453 278
454 278
454 279
455 279
455 280
456 280
456 281
457 281
457 282
458 282
458 283
459 283
459 284
460 284
460 285
461 285
