316 221
316 220
316 219
316 218
316 217
316 216
316 215
316 214
316 213
316 212
316 211
316 210
316 209
316 208
316 207
316 206
316 205
316 204
316 203
316 202
316 201
316 200
316 199
316 198
316 197
316 196
316 195
316 194
316 193
316 192
316 191
316 190
316 189
316 188
316 187
316 186
316 185
316 184
316 183
316 182
316 181
316 180
316 179
316 178
316 177
316 176
316 175
316 174
316 173
316 172
316 171
316 170
316 169
316 168
316 167
316 166
316 165
316 164
316 163
316 162
316 161
316 160
316 159
316 158
316 157
316 156
316 155
316 154
316 153
316 152
316 151
316 150
316 149
316 148
316 147
316 146
316 145
316 144
316 143
316 142
316 141
316 140
316 139
316 138
316 137
316 136
316 135
316 134
316 133
316 132
316 131
316 130
316 129
316 128
316 127
316 126
315 126
314 126
313 126
312 126
311 126
310 126
309 126
308 126
307 126
306 126
305 126
304 126
303 126
302 126
301 126
300 126
299 126
298 126
297 126
296 126
295 126
294 126
293 126
292 126
291 126
290 126
290 125
289 125
288 125
288 124
287 124
286 124
286 123
286 122
285 122
285 121
285 120
284 120
284 119
284 118
284 117
284 116
284 115
284 114
284 113
284 112
284 111
284 110
284 109
283 109
283 108
283 107
283 106
283 105
283 104
283 103
283 102
283 101
283 100
283 99
283 98
283 97
283 96
283 95
283 94
283 93
283 92
283 91
283 90
283 89
283 88
283 87
283 86
283 85
283 84
283 83
283 82
283 81
283 80
283 79
283 78
283 77
283 76
283 75
283 74
283 73
282 73
282 72
282 71
282 70
282 69
282 68
282 67
282 66
282 65
282 64
282 63
282 62
282 61
282 60
282 59
282 58
282 57
282 56
282 55
282 54
282 53
282 52
282 51
282 50
282 49
282 48
282 47
282 46
282 45
282 44
282 43
282 42
282 41
282 40
282 39
282 38
282 37
282 36
282 35
282 34
282 33
282 32
282 31
282 30
282 29
282 28
283 28
284 28
284 27
284 26
284 25
284 24
284 23
284 22
284 21
284 20
284 19
284 18
284 17
284 16
284 15
284 14
284 13
284 12
284 11
284 10
283 10
283 9
282 9
282 8
281 8
281 7
280 7
280 6
279 6
279 5
278 5
278 4
277 4
277 3
276 3
276 2
275 2
275 1
