194 109
195 110
196 111
197 112
198 113
199 114
200 115
201 116
201 117
201 118
202 118
202 119
202 120
202 121
202 122
202 123
202 124
203 124
204 124
204 125
205 125
206 125
207 125
208 125
209 125
210 125
211 125
212 125
213 125
214 125
215 125
216 125
217 125
218 125
219 125
220 125
221 125
222 125
223 125
224 125
225 125
226 125
227 125
228 125
229 125
230 125
231 125
232 125
233 125
234 125
235 125
236 125
237 125
238 125
239 125
240 125
241 125
242 125
243 125
244 125
245 125
246 125
247 125
248 125
249 125
250 125
251 125
252 125
253 125
254 125
255 125
256 125
257 125
258 125
259 125
260 125
261 125
262 125
263 125
264 125
265 125
266 125
267 125
268 125
269 125
270 125
271 125
271 126
272 126
272 127
273 127
273 128
274 128
274 129
275 129
275 130
276 130
276 131
277 131
277 132
278 132
278 133
279 133
279 134
280 134
280 135
281 135
281 136
282 136
282 137
283 137
283 138
284 138
284 139
285 139
285 140
286 140
286 141
287 141
287 142
288 142
288 143
289 143
289 144
290 144
290 145
291 145
292 145
293 145
293 146
294 146
295 146
295 147
296 147
297 147
297 148
297 149
298 149
298 150
298 151
299 151
299 152
299 153
299 154
300 154
300 155
301 155
301 156
302 156
302 157
303 157
303 158
304 158
304 159
305 159
305 160
306 160
306 161
307 161
307 162
308 162
308 163
309 163
309 164
310 164
310 165
311 165
311 166
312 166
312 167
313 167
313 168
314 168
314 169
315 169
315 170
316 170
316 171
317 171
317 172
318 172
318 173
319 173
319 174
320 174
320 175
321 175
321 176
322 176
322 177
323 177
323 178
324 178
324 179
325 179
325 180
326 180
326 181
327 181
327 182
328 182
328 183
329 183
329 184
330 184
330 185
331 185
331 186
332 186
332 187
333 187
333 188
334 188
334 189
335 189
335 190
336 190
336 191
337 191
337 192
338 192
338 193
339 193
339 194
340 194
340 195
341 195
341 196
342 196
342 197
343 197
343 198
344 198
344 199
345 199
345 200
346 200
346 201
347 201
347 202
348 202
348 203
349 203
349 204
350 204
350 205
351 205
351 206
352 206
352 207
353 207
353 208
354 208
354 209
355 209
355 210
356 210
356 211
357 211
357 212
358 212
358 213
359 213
359 214
360 214
360 215
361 215
361 216
362 216
362 217
363 217
363 218
364 218
364 219
365 219
365 220
366 220
366 221
367 221
367 222
368 222
368 223
369 223
369 224
370 224
370 225
371 225
371 226
372 226
372 227
373 227
373 228
374 228
374 229
375 229
375 230
376 230
376 231
377 231
377 232
377 233
377 234
377 235
377 236
377 237
377 238
377 239
377 240
377 241
377 242
377 243
377 244
377 245
377 246
377 247
377 248
377 249
377 250
377 251
377 252
377 253
377 254
378 254
378 255
378 256
379 256
379 257
379 258
380 258
380 259
381 259
382 259
382 260
383 260
384 260
384 261
385 261
386 261
386 262
387 262
388 262
389 262
390 262
391 262
392 262
393 262
394 262
395 262
396 262
397 262
398 262
399 262
400 262
401 262
402 262
403 262
404 262
405 262
406 262
407 262
408 262
408 263
409 263
409 264
410 264
410 265
411 265
411 266
412 266
412 267
413 267
413 268
414 268
414 269
415 269
415 270
416 270
416 271
417 271
417 272
418 272
418 273
419 273
419 274
420 274
420 275
421 275
421 276
422 276
