507 30
506 30
505 30
504 30
503 30
502 30
501 30
500 30
499 30
498 30
497 30
496 30
495 30
494 30
493 30
492 30
491 30
490 30
489 30
488 30
487 30
486 30
485 30
484 30
483 30
482 30
482 31
482 32
482 33
482 34
482 35
482 36
482 37
482 38
482 39
482 40
482 41
482 42
482 43
482 44
482 45
482 46
482 47
482 48
482 49
482 50
482 51
482 52
482 53
482 54
482 55
482 56
482 57
482 58
482 59
482 60
482 61
482 62
482 63
482 64
482 65
482 66
482 67
482 68
482 69
482 70
482 71
482 72
482 73
482 74
482 75
482 76
482 77
481 77
481 78
481 79
481 80
481 81
481 82
481 83
481 84
481 85
480 85
480 86
480 87
480 88
480 89
480 90
480 91
480 92
480 93
480 94
480 95
480 96
480 97
480 98
480 99
480 100
480 101
480 102
480 103
480 104
480 105
480 106
480 107
480 108
480 109
480 110
480 111
480 112
480 113
480 114
480 115
480 116
480 117
480 118
480 119
480 120
480 121
480 122
480 123
480 124
480 125
480 126
480 127
480 128
480 129
480 130
480 131
480 132
480 133
480 134
480 135
480 136
480 137
480 138
480 139
479 139
478 139
477 139
476 139
475 139
474 139
473 139
473 140
472 140
472 141
472 142
472 143
472 144
472 145
472 146
472 147
472 148
472 149
472 150
472 151
472 152
472 153
472 154
472 155
472 156
472 157
472 158
472 159
472 160
472 161
471 161
471 162
470 162
470 163
469 163
469 164
468 164
467 164
466 164
465 164
464 164
463 164
462 164
461 164
460 164
459 164
458 164
457 164
456 164
455 164
454 164
453 164
452 164
451 164
450 164
449 164
448 164
447 164
446 164
445 164
444 164
443 164
442 164
441 164
440 164
439 164
438 164
437 164
436 164
435 164
434 164
433 164
432 164
431 164
430 164
429 164
428 164
427 164
426 164
425 164
424 164
423 164
422 164
421 164
420 164
419 164
418 164
417 164
416 164
415 164
414 164
413 164
412 164
411 164
410 164
409 164
408 164
407 164
406 164
405 164
404 164
403 164
402 164
401 164
400 164
399 164
398 164
397 164
396 164
395 164
394 164
393 164
392 164
391 164
390 164
389 164
388 164
387 164
386 164
385 164
384 164
383 164
382 164
381 164
380 164
379 164
378 164
377 164
376 164
375 164
374 164
373 164
372 164
371 164
370 164
369 164
368 164
367 164
366 164
365 164
364 164
363 164
362 164
361 164
360 164
359 164
358 164
357 164
356 164
355 164
354 164
354 163
353 163
353 162
352 162
352 161
351 161
351 160
350 160
350 159
