221 415
221 414
221 413
221 412
221 411
221 410
221 409
221 408
221 407
221 406
221 405
221 404
221 403
221 402
221 401
221 400
221 399
221 398
221 397
221 396
221 395
221 394
221 393
221 392
221 391
221 390
221 389
221 388
221 387
221 386
221 385
221 384
221 383
221 382
221 381
221 380
221 379
221 378
221 377
221 376
221 375
221 374
221 373
221 372
221 371
221 370
221 369
221 368
221 367
221 366
221 365
221 364
221 363
221 362
221 361
222 361
222 360
222 359
223 359
224 359
224 358
224 357
225 357
226 357
226 356
226 355
227 355
228 355
228 354
228 353
229 353
230 353
230 352
230 351
231 351
