95 304
95 303
95 302
95 301
95 300
95 299
95 298
95 297
95 296
95 295
95 294
95 293
95 292
95 291
95 290
95 289
95 288
95 287
95 286
95 285
95 284
95 283
95 282
95 281
95 280
95 279
95 278
95 277
95 276
95 275
95 274
95 273
95 272
95 271
95 270
95 269
96 269
97 269
98 269
99 269
100 269
101 269
102 269
103 269
104 269
105 269
106 269
107 269
107 268
108 268
109 268
110 268
111 268
112 268
113 268
114 268
115 268
116 268
117 268
118 268
119 268
120 268
121 268
122 268
123 268
124 268
125 268
126 268
127 268
128 268
129 268
130 268
131 268
132 268
133 268
134 268
135 268
136 268
137 268
138 268
139 268
140 268
141 268
142 268
143 268
144 268
144 267
145 267
146 267
147 267
148 267
149 267
150 267
151 267
152 267
153 267
154 267
155 267
156 267
157 267
158 267
159 267
160 267
161 267
162 267
163 267
164 267
165 267
166 267
167 267
168 267
169 267
170 267
171 267
172 267
173 267
174 267
175 267
176 267
177 267
178 267
179 267
180 267
181 267
182 267
183 267
184 267
185 267
186 267
187 267
188 267
189 267
190 267
191 267
192 267
193 267
194 267
195 267
196 267
197 267
198 267
199 267
200 267
201 267
202 267
203 267
204 267
205 267
206 267
207 267
208 267
209 267
210 267
211 267
212 267
213 267
213 266
214 266
215 266
215 265
216 265
217 265
217 264
217 263
218 263
218 262
218 261
219 261
219 260
219 259
219 258
219 257
219 256
219 255
219 254
219 253
219 252
219 251
219 250
219 249
219 248
219 247
219 246
219 245
219 244
219 243
219 242
219 241
219 240
219 239
219 238
219 237
219 236
219 235
219 234
219 233
219 232
219 231
219 230
219 229
219 228
219 227
219 226
219 225
219 224
219 223
219 222
219 221
219 220
219 219
219 218
219 217
219 216
219 215
219 214
219 213
219 212
219 211
219 210
219 209
219 208
219 207
219 206
219 205
219 204
219 203
219 202
219 201
219 200
219 199
219 198
219 197
219 196
219 195
219 194
219 193
219 192
219 191
219 190
219 189
219 188
219 187
219 186
219 185
219 184
219 183
219 182
219 181
219 180
219 179
219 178
219 177
219 176
219 175
219 174
219 173
219 172
219 171
219 170
219 169
219 168
219 167
219 166
219 165
219 164
219 163
219 162
219 161
219 160
219 159
219 158
219 157
219 156
219 155
219 154
219 153
219 152
219 151
219 150
219 149
219 148
219 147
219 146
219 145
219 144
219 143
219 142
219 141
219 140
219 139
219 138
219 137
219 136
219 135
219 134
219 133
219 132
219 131
219 130
219 129
219 128
219 127
219 126
219 125
219 124
219 123
219 122
219 121
219 120
219 119
219 118
219 117
219 116
219 115
219 114
219 113
219 112
219 111
219 110
219 109
219 108
219 107
219 106
219 105
219 104
219 103
219 102
219 101
219 100
219 99
219 98
219 97
219 96
219 95
219 94
219 93
219 92
219 91
219 90
219 89
219 88
219 87
219 86
219 85
220 85
220 84
221 84
221 83
222 83
222 82
223 82
223 81
224 81
224 80
225 80
225 79
226 79
226 78
227 78
227 77
228 77
228 76
229 76
229 75
230 75
230 74
231 74
231 73
232 73
232 72
233 72
233 71
234 71
234 70
235 70
235 69
236 69
236 68
237 68
237 67
238 67
238 66
239 66
239 65
240 65
240 64
241 64
241 63
242 63
242 62
243 62
243 61
244 61
244 60
245 60
245 59
246 59
246 58
247 58
247 57
248 57
248 56
249 56
249 55
250 55
250 54
251 54
251 53
252 53
252 52
253 52
253 51
254 51
254 50
255 50
255 49
256 49
256 48
257 48
257 47
258 47
258 46
259 46
259 45
260 45
260 44
261 44
