76 441
77 441
78 441
79 441
80 441
81 441
82 441
83 441
84 441
85 441
86 441
87 441
88 441
89 441
90 441
91 441
92 441
93 441
94 441
95 441
96 441
97 441
98 441
99 441
99 440
99 439
99 438
99 437
99 436
99 435
99 434
99 433
99 432
99 431
99 430
99 429
99 428
99 427
100 427
100 426
101 426
101 425
102 425
102 424
103 424
104 424
105 424
106 424
107 424
108 424
109 424
110 424
111 424
112 424
113 424
114 424
115 424
116 424
117 424
118 424
119 424
120 424
121 424
122 424
123 424
124 424
125 424
126 424
127 424
128 424
129 424
130 424
131 424
132 424
133 424
134 424
135 424
136 424
137 424
138 424
139 424
140 424
141 424
142 424
143 424
144 424
145 424
146 424
147 424
148 424
149 424
150 424
151 424
152 424
153 424
154 424
155 424
156 424
157 424
158 424
159 424
160 424
161 424
162 424
163 424
164 424
165 424
166 424
167 424
168 424
169 424
170 424
171 424
172 424
173 424
174 424
175 424
176 424
177 424
178 424
179 424
180 424
181 424
182 424
183 424
184 424
185 424
186 424
187 424
188 424
189 424
190 424
191 424
192 424
193 424
194 424
195 424
196 424
197 424
198 424
198 425
198 426
198 427
198 428
198 429
198 430
198 431
198 432
198 433
198 434
198 435
198 436
198 437
198 438
198 439
198 440
198 441
198 442
198 443
198 444
198 445
198 446
199 446
199 447
199 448
200 448
200 449
200 450
201 450
202 450
202 451
203 451
204 451
204 452
205 452
206 452
207 452
208 452
209 452
210 452
211 452
212 452
213 452
214 452
215 452
216 452
217 452
218 452
219 452
220 452
221 452
222 452
223 452
224 452
225 452
226 452
227 452
228 452
229 452
230 452
231 452
232 452
233 452
234 452
235 452
236 452
237 452
238 452
239 452
240 452
241 452
242 452
243 452
244 452
245 452
246 452
247 452
248 452
249 452
250 452
251 452
252 452
253 452
254 452
255 452
256 452
257 452
258 452
259 452
260 452
261 452
262 452
263 452
264 452
265 452
266 452
267 452
268 452
269 452
270 452
271 452
272 452
273 452
274 452
275 452
276 452
277 452
278 452
279 452
280 452
281 452
282 452
283 452
284 452
285 452
286 452
287 452
288 452
289 452
290 452
291 452
292 452
293 452
294 452
295 452
296 452
297 452
298 452
299 452
300 452
301 452
302 452
303 452
304 452
305 452
306 452
307 452
308 452
309 452
310 452
311 452
312 452
313 452
314 452
315 452
316 452
317 452
318 452
319 452
320 452
321 452
322 452
323 452
324 452
325 452
326 452
327 452
328 452
329 452
330 452
331 452
332 452
333 452
334 452
335 452
335 451
335 450
335 449
336 449
336 448
337 448
337 447
338 447
339 447
340 447
340 446
340 445
340 444
340 443
340 442
340 441
340 440
340 439
340 438
340 437
340 436
340 435
340 434
340 433
340 432
341 432
341 431
341 430
342 430
342 429
342 428
343 428
344 428
344 427
345 427
346 427
346 426
347 426
348 426
349 426
350 426
351 426
352 426
353 426
354 426
355 426
356 426
357 426
358 426
359 426
360 426
361 426
362 426
363 426
364 426
365 426
366 426
367 426
368 426
369 426
370 426
371 426
372 426
373 426
374 426
375 426
376 426
377 426
378 426
379 426
379 425
379 424
379 423
379 422
379 421
379 420
379 419
379 418
379 417
379 416
379 415
379 414
379 413
379 412
379 411
379 410
379 409
379 408
379 407
379 406
379 405
379 404
379 403
379 402
379 401
379 400
379 399
379 398
379 397
379 396
380 396
380 395
381 395
381 394
382 394
382 393
382 392
383 392
384 392
384 391
385 391
386 391
386 390
387 390
388 390
389 390
390 390
391 390
392 390
393 390
394 390
395 390
396 390
397 390
398 390
399 390
400 390
401 390
402 390
403 390
404 390
405 390
406 390
407 390
408 390
409 390
410 390
411 390
412 390
413 390
414 390
415 390
416 390
417 390
418 390
419 390
420 390
421 390
422 390
423 390
424 390
425 390
426 390
426 391
427 391
