391 343
390 343
389 343
388 343
387 343
386 343
385 343
384 343
383 343
382 343
381 343
380 343
379 343
378 343
377 343
376 343
375 343
374 343
373 343
372 343
371 343
370 343
369 343
368 343
367 343
366 343
365 343
364 343
363 343
362 343
361 343
360 343
359 343
358 343
357 343
356 343
355 343
354 343
353 343
352 343
351 343
351 342
351 341
351 340
351 339
351 338
351 337
351 336
351 335
351 334
351 333
351 332
351 331
351 330
351 329
351 328
351 327
351 326
351 325
351 324
351 323
351 322
351 321
351 320
351 319
351 318
351 317
351 316
350 316
350 315
350 314
349 314
349 313
349 312
348 312
347 312
347 311
346 311
345 311
345 310
344 310
343 310
342 310
341 310
340 310
339 310
338 310
337 310
336 310
335 310
334 310
333 310
332 310
331 310
330 310
329 310
328 310
327 310
326 310
325 310
324 310
323 310
322 310
321 310
320 310
319 310
318 310
317 310
316 310
315 310
314 310
313 310
312 310
311 310
310 310
309 310
308 310
308 309
307 309
306 309
306 308
306 307
305 307
304 307
304 306
304 305
303 305
302 305
302 304
302 303
301 303
300 303
300 302
300 301
299 301
298 301
298 300
