106 475
107 475
108 475
109 475
110 475
111 475
112 475
113 475
114 475
115 475
116 475
117 475
118 475
119 475
120 475
121 475
122 475
123 475
124 475
125 475
126 475
127 475
128 475
129 475
130 475
131 475
132 475
133 475
134 475
135 475
136 475
137 475
138 475
139 475
140 475
141 475
142 475
143 475
144 475
145 475
146 475
147 475
148 475
149 475
150 475
151 475
152 475
153 475
154 475
155 475
156 475
157 475
158 475
159 475
160 475
161 475
162 475
163 475
164 475
165 475
166 475
167 475
168 475
169 475
170 475
171 475
172 475
173 475
174 475
175 475
176 475
177 475
178 475
179 475
180 475
181 475
182 475
183 475
184 475
185 475
186 475
187 475
188 475
189 475
190 475
191 475
192 475
193 475
194 475
195 475
196 475
197 475
198 475
199 475
200 475
201 475
202 475
203 475
204 475
205 475
206 475
207 475
208 475
209 475
210 475
211 475
212 475
213 475
214 475
215 475
216 475
217 475
218 475
219 475
220 475
221 475
222 475
223 475
224 475
225 475
226 475
227 475
228 475
229 475
230 475
231 475
232 475
233 475
234 475
235 475
236 475
237 475
238 475
239 475
240 475
241 475
242 475
243 475
244 475
245 475
246 475
247 475
248 475
249 475
250 475
251 475
252 475
253 475
254 475
255 475
256 475
257 475
258 475
259 475
260 475
261 475
262 475
263 475
264 475
265 475
266 475
267 475
268 475
269 475
270 475
271 475
272 475
273 475
274 475
275 475
276 475
277 475
278 475
279 475
280 475
281 475
282 475
282 474
283 474
283 473
283 472
284 472
285 472
285 471
286 471
287 471
287 470
288 470
289 470
290 470
291 470
292 470
293 470
294 470
295 470
296 470
297 470
298 470
299 470
300 470
301 470
302 470
303 470
304 470
305 470
306 470
307 470
308 470
309 470
310 470
311 470
312 470
313 470
314 470
315 470
316 470
317 470
318 470
319 470
320 470
321 470
321 469
322 469
322 468
323 468
324 468
325 468
326 468
327 468
328 468
328 467
329 467
330 467
331 467
332 467
333 467
334 467
335 467
335 466
335 465
335 464
335 463
335 462
335 461
335 460
335 459
335 458
335 457
335 456
335 455
335 454
335 453
335 452
335 451
335 450
335 449
336 449
336 448
337 448
337 447
338 447
339 447
340 447
340 446
340 445
340 444
340 443
340 442
340 441
340 440
340 439
340 438
340 437
340 436
340 435
340 434
340 433
340 432
341 432
341 431
341 430
342 430
342 429
342 428
343 428
344 428
344 427
345 427
346 427
346 426
347 426
348 426
349 426
350 426
351 426
352 426
353 426
354 426
355 426
356 426
357 426
358 426
359 426
360 426
361 426
362 426
363 426
364 426
365 426
366 426
367 426
368 426
369 426
370 426
371 426
372 426
373 426
374 426
375 426
376 426
377 426
378 426
379 426
379 425
379 424
379 423
379 422
379 421
379 420
379 419
379 418
379 417
379 416
379 415
379 414
379 413
379 412
379 411
379 410
379 409
379 408
379 407
379 406
379 405
379 404
379 403
379 402
379 401
379 400
379 399
379 398
379 397
379 396
380 396
380 395
381 395
381 394
382 394
382 393
382 392
383 392
384 392
384 391
385 391
386 391
386 390
387 390
388 390
389 390
390 390
391 390
392 390
393 390
394 390
395 390
396 390
397 390
398 390
399 390
400 390
401 390
402 390
403 390
404 390
405 390
406 390
407 390
408 390
409 390
409 391
410 391
410 392
411 392
411 393
412 393
412 394
413 394
413 395
414 395
414 396
415 396
415 397
416 397
416 398
417 398
417 399
418 399
418 400
419 400
419 401
420 401
420 402
421 402
421 403
422 403
422 404
423 404
423 405
424 405
424 406
425 406
425 407
425 408
425 409
425 410
425 411
426 411
426 412
427 412
427 413
428 413
429 413
430 413
431 413
432 413
432 414
433 414
433 415
434 415
434 416
435 416
435 417
436 417
436 418
437 418
437 419
438 419
438 420
439 420
439 421
440 421
440 422
441 422
441 423
442 423
442 424
443 424
443 425
444 425
444 426
445 426
445 427
446 427
446 428
447 428
447 429
448 429
448 430
449 430
449 431
450 431
450 432
451 432
451 433
452 433
452 434
453 434
453 435
454 435
454 436
455 436
455 437
456 437
456 438
457 438
457 439
458 439
458 440
459 440
459 441
460 441
460 442
461 442
461 443
462 443
462 444
463 444
463 445
464 445
464 446
465 446
465 447
466 447
466 448
467 448
467 449
468 449
468 450
469 450
469 451
470 451
470 452
471 452
471 453
472 453
472 454
473 454
473 455
474 455
474 456
475 456
475 457
476 457
476 458
477 458
477 459
478 459
478 460
479 460
479 461
480 461
480 462
481 462
481 463
482 463
482 464
483 464
483 465
484 465
484 466
485 466
485 467
486 467
486 468
487 468
487 469
488 469
488 470
489 470
489 471
490 471
490 472
491 472
491 473
492 473
492 474
493 474
493 475
494 475
494 476
495 476
495 477
496 477
496 478
497 478
497 479
498 479
498 480
499 480
499 481
500 481
500 482
501 482
501 483
502 483
502 484
503 484
503 485
504 485
