150 425
151 425
152 425
153 425
154 425
155 425
156 425
157 425
158 425
159 425
160 425
161 425
162 425
163 425
164 425
165 425
166 425
167 425
168 425
169 425
170 425
171 425
172 425
173 425
174 425
175 425
176 425
177 426
178 427
179 428
180 429
181 430
182 431
183 432
184 433
185 434
186 435
187 436
188 437
189 438
190 439
191 440
192 441
193 442
194 443
195 444
196 445
197 446
198 447
199 448
200 449
201 450
202 450
203 451
204 451
205 452
206 452
207 452
208 452
209 451
210 451
211 450
212 449
212 448
213 447
213 446
214 445
214 444
214 443
214 442
214 441
214 440
214 439
214 438
214 437
214 436
214 435
214 434
214 433
214 432
214 431
214 430
214 429
214 428
214 427
214 426
214 425
215 424
215 423
215 422
215 421
215 420
215 419
215 418
215 417
215 416
215 415
215 414
215 413
215 412
215 411
215 410
215 409
215 408
215 407
215 406
215 405
215 404
215 403
215 402
215 401
215 400
215 399
215 398
215 397
215 396
215 395
215 394
215 393
215 392
215 391
215 390
215 389
215 388
215 387
215 386
216 385
216 384
216 383
216 382
216 381
216 380
216 379
216 378
216 377
216 376
216 375
216 374
216 373
216 372
216 371
216 370
216 369
216 368
216 367
216 366
216 365
216 364
216 363
216 362
216 361
216 360
216 359
216 358
216 357
216 356
216 355
216 354
216 353
216 352
216 351
216 350
216 349
216 348
216 347
216 346
216 345
217 344
217 343
217 342
217 341
217 340
217 339
217 338
217 337
217 336
217 335
217 334
217 333
217 332
217 331
217 330
217 329
217 328
217 327
217 326
217 325
217 324
217 323
217 322
217 321
217 320
217 319
217 318
217 317
217 316
217 315
217 314
217 313
217 312
217 311
217 310
217 309
217 308
217 307
217 306
217 305
217 304
217 303
217 302
217 301
217 300
217 299
217 298
217 297
217 296
217 295
217 294
217 293
217 292
217 291
217 290
217 289
217 288
217 287
217 286
217 285
217 284
217 283
217 282
217 281
217 280
217 279
217 278
217 277
217 276
217 275
217 274
217 273
217 272
217 271
217 270
217 269
217 268
217 267
217 266
217 265
217 264
217 263
218 262
218 261
219 260
219 259
219 258
219 257
219 256
219 255
219 254
219 253
219 252
219 251
219 250
219 249
219 248
219 247
219 246
219 245
219 244
219 243
219 242
219 241
219 240
219 239
219 238
219 237
219 236
219 235
219 234
219 233
219 232
219 231
219 230
219 229
219 228
219 227
219 226
219 225
219 224
219 223
219 222
219 221
219 220
219 219
219 218
219 217
219 216
219 215
219 214
219 213
219 212
219 211
219 210
219 209
219 208
219 207
219 206
220 205
221 204
222 203
223 202
224 201
225 200
226 199
227 198
228 197
229 196
230 195
231 194
232 193
233 192
234 191
235 190
236 189
237 188
238 187
239 186
240 185
241 184
242 183
243 182
244 181
245 180
246 179
247 178
248 177
249 176
250 175
251 174
252 173
253 172
254 171
255 170
256 169
257 168
258 167
259 166
260 165
261 164
262 163
263 162
264 161
265 160
266 159
267 158
268 157
269 156
270 155
271 154
272 153
273 152
274 151
275 150
276 149
277 148
278 147
279 146
280 145
281 144
282 143
283 142
284 141
285 140
286 139
287 138
288 137
289 136
290 135
291 134
292 133
293 132
294 131
295 130
296 129
297 128
298 127
299 126
300 125
301 124
302 123
303 122
304 121
305 120
306 119
307 118
308 117
309 116
310 115
311 114
312 113
313 112
314 111
315 110
316 109
317 108
318 107
319 106
320 105
321 104
322 103
323 102
324 101
325 100
