3 98
3 97
3 96
3 95
3 94
3 93
3 92
3 91
3 90
3 89
3 88
3 87
3 86
4 85
5 84
6 83
7 82
8 81
9 80
10 79
10 78
10 77
10 76
10 75
11 74
12 73
13 72
14 71
15 70
16 69
17 68
18 67
19 66
20 65
21 64
22 63
22 62
22 61
23 60
24 60
25 59
26 58
27 57
28 56
29 55
30 54
31 53
32 52
33 51
34 50
35 49
36 48
37 47
38 46
39 45
40 44
41 43
42 42
43 41
44 40
45 39
46 38
47 37
48 36
49 35
50 34
51 33
52 32
53 31
54 30
55 30
56 29
57 29
58 28
59 28
60 27
61 27
62 26
63 26
64 25
65 25
66 25
67 24
68 24
69 23
70 23
71 22
72 22
73 21
74 21
75 20
76 20
77 20
78 19
79 19
80 18
81 18
82 17
83 17
84 16
85 16
86 15
